%# iteration evaluations sigma axisratio stddevratio sort(diag(D)) (square roots of eigenvalues of C) (randomSeed=1431185311826, Sat May 09 17:28:31 CEST 2015)

0 0 0.2 1.0 1.0 1.0 1.0 1.0 1.0 1.0 1.0 1.0 1.0 1.0 1.0 
1 10 0.18306444375673173 1.0 1.0475833692600909 1.0 1.0 1.0 1.0 1.0 1.0 1.0 1.0 1.0 1.0 
2 20 0.1569199503390068 1.0663386783321285 1.057776180254422 0.9836344012096953 0.9836344012096953 0.9836344012096953 0.9836344012096955 0.9836344012096957 0.9860585987762146 0.9871390725243029 0.9953266200508627 1.003806880842307 1.048887407347961 
3 30 0.13696391442457098 1.0909300455319126 1.060605738912499 0.9675580376704197 0.9678482307422468 0.9698540729033088 0.971704223786857 0.9743311695363921 0.976916189233668 0.981893728575871 0.9865684884647627 1.0051245679342986 1.055538134090559 
4 40 0.12288937694090606 1.0947025903655703 1.0745150364745317 0.9526651269040848 0.955381663466201 0.9589497513085974 0.9594495858445897 0.9645951829844004 0.972663987754477 0.9748513436536514 0.9846720490588033 0.9970481088718031 1.0428849821728463 
5 50 0.10900906989368714 1.100247850057654 1.0708163895304832 0.9401599342706873 0.9446314650426781 0.9470027690458416 0.947926218986209 0.95732334768727 0.9632823643874773 0.9726746798815481 0.9838211224391373 0.9977447190318773 1.034408946391669 
6 60 0.09626774517298707 1.1032990872902706 1.0658095373524759 0.9281467760982945 0.9319785478335416 0.9349976438998311 0.9423024799681836 0.9433245664380077 0.9569581191291849 0.9669231333938234 0.9857038709835233 0.9882164241375324 1.0240234909406556 
7 70 0.08359309487849476 1.1201607447014121 1.077587714290729 0.9152216401859882 0.9189234247174067 0.9272650702162796 0.9341939685590991 0.9428676152561859 0.9472355128036809 0.9535152306055816 0.9754869869182476 0.988147713719148 1.0251953540375844 
8 80 0.07444641716203583 1.147758730818079 1.0815450221937217 0.9019190979161454 0.9174321413638878 0.9194045114914744 0.9251702655334566 0.9314767730570922 0.9385264579161972 0.9502560497948349 0.9646100255444696 0.9770454423970152 1.0351855191248218 
9 90 0.06661732164461938 1.1483771055820613 1.0912003785122721 0.8936201664762201 0.9060699723727641 0.9079385150581157 0.9148521217627934 0.9232988008580307 0.9356119703854969 0.9431172054447634 0.9572313501517157 0.968495729615553 1.0262129402677214 
10 100 0.060605372597346385 1.1713574984358581 1.1005160812493975 0.8840046262035608 0.8983554705327486 0.9007319384123904 0.9099930190820879 0.9199331428672864 0.9287336060226427 0.9501773679301531 0.9559203135240056 0.9714352386079426 1.0354854475555288 
11 110 0.05963442075272823 1.204499710944895 1.09677489696657 0.871612951348026 0.8860269337174507 0.8969926074870282 0.9000311593652333 0.9124306029107483 0.9250949345830436 0.9360958907307886 0.9442895349311999 0.965834453952841 1.049857547954524 
12 120 0.05740262793946035 1.2068873302984295 1.1063410265517397 0.8699900144850328 0.8810310108422108 0.8834498763037039 0.8937420026937163 0.9044032243828144 0.9159316924971264 0.9296200715082528 0.95063783322436 0.9745848519815173 1.0499799259681333 
13 130 0.05510245809966153 1.2215997671260013 1.1110650689979549 0.8614928058010767 0.870446325901514 0.875264595828028 0.884297402801877 0.9033242963271553 0.907509222852318 0.9165839163197514 0.9393052740958334 0.9780988384720226 1.0523994109473207 
14 140 0.048574694238693344 1.2410863632703977 1.1215709746285776 0.850138839678761 0.8629068721971742 0.8718502614138699 0.8815983853174799 0.8984615994576701 0.9075180696413495 0.9181106092368232 0.941300919024551 0.9853043406687919 1.0550957208118292 
15 150 0.045936102122999575 1.256540651565096 1.1096112160158675 0.8372974574757726 0.8525721764597131 0.8598639072532536 0.8720599308406011 0.8880108380912402 0.9024368192828633 0.9098978794465468 0.9376444242373321 0.9886288301365562 1.0520982927704057 
16 160 0.04158717938340919 1.2731445598555708 1.1117208839152042 0.833461095311414 0.8445121415155975 0.8581574741508732 0.8634589663487375 0.878213378861861 0.8942568119091868 0.9039078068771738 0.9315698832398627 1.0042415079132714 1.0611164593469922 
18 180 0.03893636670486231 1.2825768029328528 1.1747381841879105 0.8140873897335077 0.8351796165407518 0.8407037176588115 0.8580758439908486 0.8623170735876009 0.879971695558006 0.8887627192330964 0.9600356730626448 0.9977543802413372 1.0441296016323536 
20 200 0.03592419905412412 1.390179552112193 1.2201759898515137 0.791190431633691 0.8156902298677153 0.8238223801066743 0.8352142096687569 0.8530825495483028 0.8633655577841892 0.8839610631968021 0.952100570476997 0.978059522244429 1.099896759883977 
22 220 0.03054350295013193 1.4068181582971204 1.2256748746175754 0.7741955625812077 0.7953638951990782 0.8128734859338873 0.8241757101394754 0.8397868568902285 0.8434279584475189 0.8695325055955561 0.9317290660107863 0.9634279117050121 1.0891523755122976 
24 240 0.02742885022204692 1.436352601668101 1.2466999938719037 0.7596249924601461 0.786031053028747 0.7995322791540956 0.8145071752921951 0.8313810374340229 0.8387926862904783 0.9083539635535933 0.9175509894115055 0.9684413607470924 1.0910893342122425 
26 260 0.02474867664007506 1.433317120671769 1.2474703134118508 0.7479906556900823 0.7724237957219887 0.7898799088117949 0.7986772734275338 0.8147240402132968 0.832389865933391 0.8936030599156173 0.9056536825139472 0.9590815257497505 1.0721078129030972 
28 280 0.021852036116537965 1.4224520065647352 1.2537190379059795 0.7346847355110985 0.7649431233777908 0.7758609472548006 0.7953733899403307 0.8130485738078383 0.8319522511029024 0.8856196909654024 0.8941292275461112 0.9691519941701736 1.0450537762202439 
30 300 0.02070983902938074 1.4718387476839008 1.2955841616681263 0.7208179342640244 0.754229569940028 0.764432872643829 0.7811016212991948 0.8010948606588227 0.8358763514985067 0.8673483355430438 0.8896072292550167 0.9705679308905939 1.060927765675258 
32 320 0.020425551558913905 1.521367869719576 1.3622995077738922 0.7059336830535323 0.7535604045153237 0.7547388682560341 0.7812259062710261 0.7850671166324367 0.8388956420413345 0.8525218649086821 0.8748680634086866 0.9712882257057031 1.0739848235504468 
34 340 0.02054868786790493 1.644430677012809 1.394541111466596 0.6998493777270394 0.7439530118138847 0.7512537558131032 0.7628016686694414 0.7799414914678137 0.8236900412534781 0.8413626258545247 0.8762493357147099 0.9628915317843846 1.1508537860226684 
36 360 0.019037200396773073 1.6737940955053614 1.4216101583068537 0.6893467467608647 0.7293937369047635 0.7371306018619492 0.7582627739023864 0.7731208564967451 0.8045067836234515 0.8295623876965085 0.879073696805681 0.9485344766985796 1.153824514484165 
38 380 0.016620318127432126 1.6895113211940898 1.4232442576981224 0.6791213141126529 0.7152053955272704 0.7204069151891267 0.7516222700473596 0.769682381711072 0.792377048736833 0.8108964432730945 0.859441445694377 0.938744439693366 1.1473831486575345 
40 400 0.01314303806181245 1.6750809934416093 1.4422939025972001 0.6771402774447738 0.697143107227539 0.7072893527653309 0.7369576144936482 0.7557698938657825 0.773299329848246 0.8023744776787781 0.8484964576178825 0.9484554924612373 1.1342648086415186 
43 430 0.009676733095697521 1.6693530451938097 1.442950816090863 0.6571755348782761 0.6800837734649112 0.6874268393333224 0.72298707808264 0.7446399974436811 0.7530603806290833 0.7760439304744775 0.8182814827040208 0.9212105712364039 1.0970579803759208 
46 460 0.011808391261371539 1.8470663046105107 1.634238956475416 0.6422484108944516 0.6690026821175677 0.6895216589534797 0.7116659665643927 0.7220176689132215 0.7432885499327265 0.7803116071200276 0.801558272563281 0.9015502233407704 1.1862753989527877 
49 490 0.013739128480842208 2.1490363637841505 1.9032013443415938 0.6187672003497507 0.652069786106457 0.6777637146147641 0.699782387238342 0.708209568714682 0.7304587216084326 0.7755965611318456 0.7854518425327441 0.8773558786015409 1.3297532142685273 
52 520 0.01656144353177324 2.3636642799636163 2.0669641369417335 0.5993885935530034 0.6290942398712471 0.665773499203965 0.6768659175024473 0.7026422422217612 0.7448659440457724 0.7516929492259351 0.7753843999848613 0.8974167130408247 1.4167534083988644 
55 550 0.019225350329260475 2.6159985044259866 2.304193839905896 0.5909220321487 0.6083181171149946 0.6595379045635084 0.6742453998800667 0.6932035553596485 0.7241543482315954 0.7511155110950342 0.7701207839509422 0.8765720199672147 1.5458511523333638 
58 580 0.017945286645529544 2.8362898442977613 2.3459698910311126 0.5752732973768379 0.5904149790463876 0.6474513106826915 0.654844613057693 0.6790513401041405 0.7088791073698624 0.7344091567003909 0.7807955714196199 0.87169638893398 1.6316418110456112 
61 610 0.014242048666475774 2.837377349946517 2.3973121303264238 0.5684682242765814 0.5762709712236872 0.627710588053843 0.6348804467235093 0.6562288505346073 0.6951293524017109 0.7180971806137303 0.7688597814920517 0.8407120360994801 1.612958863726689 
64 640 0.01631285343750368 3.1131933900804207 2.5785421657163745 0.5529193859649476 0.5612698847164602 0.6126392789138211 0.6194592507594047 0.6384437845144969 0.6781669316124249 0.7135088109521535 0.7708883835914944 0.842587302622184 1.7213449776333998 
67 670 0.02283015803289041 3.60094544732312 2.9852962649105583 0.5429115905317466 0.5497848822197471 0.5966062169576856 0.6157882061436798 0.6199392196208844 0.6837964345824584 0.7100528516422484 0.7446441883361239 0.8522640589907666 1.954995020224247 
70 700 0.03230631256248712 4.137686787532172 3.1840948628071764 0.5303625337918885 0.550836081172802 0.5773208859147368 0.6020440541544587 0.6177740953727563 0.6711759981632416 0.7205855270815962 0.7390296190200388 0.8365886708156157 2.1944740486727823 
73 730 0.028045284387319933 4.3554613205177315 3.207978265890429 0.5130654311121003 0.5392865401154986 0.5625952067988882 0.5885352451098612 0.6128074173705355 0.6495368247384194 0.7142047665130072 0.7376705172122033 0.8212640571873268 2.2346366401035076 
76 760 0.03254055651070632 4.678888752566435 3.365395578772553 0.5017720318685563 0.5308502278589998 0.5593224333056712 0.5900274159790753 0.6096991593191887 0.6327689547225906 0.7064890935430518 0.7417695439226555 0.7987313445486982 2.347735516262195 
79 790 0.027048232379487832 4.808332198147441 3.32913867123176 0.49017677622596173 0.523449156693891 0.5607012080575247 0.5751098709574983 0.5930236832888287 0.6141601343684441 0.6932781304317095 0.7536554832595301 0.7916761606043927 2.356932775911405 
82 820 0.022016429571264987 4.806334782939269 3.2956460086186463 0.4746244255179265 0.5132684964629054 0.550465465434576 0.5626790187838515 0.5793640350484692 0.5942289555802547 0.6796627929569045 0.732414081675967 0.7801442348163093 2.2812038851993783 
86 860 0.019519125600086465 4.636986300137004 3.241598955081148 0.47487467492082125 0.5063289926320322 0.5315722645007949 0.5378128663368852 0.5590740130141474 0.5874465895492977 0.649089509590372 0.7093391889467269 0.7398115476586915 2.2019873618898615 
90 900 0.016217550187969023 4.78967577837321 3.2218422496888994 0.4636203369604343 0.5082366003698603 0.5197432036291046 0.5276858009519474 0.5636437357663542 0.5864721998787235 0.6420122096989722 0.6941391707872978 0.7517774245217682 2.220591098300618 
94 940 0.015953817179567887 4.925389646952986 3.2065133171982145 0.4465695426622192 0.49719971291916165 0.5115899523403623 0.5128324339747744 0.5537151257911571 0.5883149405048254 0.614631850721329 0.6689877780424127 0.753309749458931 2.1995290020730245 
98 980 0.017628843437204805 4.870680986103728 3.175580652530572 0.4366725064210995 0.4858643658230918 0.4892395568558326 0.4999450112072409 0.5346988666213534 0.5758573120189004 0.6047925176851378 0.6611060440391292 0.7736271725790792 2.1268924741795074 
102 1020 0.018673681863514188 5.2381387056550714 3.1578001819950043 0.4200583744200368 0.4697935545916945 0.4744143072453011 0.5002251049635345 0.5293067659933453 0.5513043610172005 0.6208127838643395 0.6357935738137283 0.8086114902390302 2.200324029684145 
106 1060 0.014218871141550994 5.465603068034819 3.209811354119951 0.4153156459085366 0.4576330592550008 0.46299669525635717 0.4838311221201577 0.5142552650959691 0.544075428245178 0.6050878258626157 0.6173750133073458 0.7979983356419673 2.2699504684805603 
110 1100 0.012997248807049553 5.533080613014214 3.1883713668605544 0.40198576714615547 0.45440833977662526 0.46243242416813124 0.48731488372759413 0.505965711880038 0.5348550536441333 0.5795839700490865 0.5990893760581399 0.7699803377553953 2.2242196549040387 
114 1140 0.017427980252782263 5.537004881322112 3.185404181408411 0.3912371988197608 0.4340098172240214 0.44374998211738137 0.48014315546427994 0.5046222373566068 0.545059294239369 0.5580078260664773 0.6108545554894689 0.8170544598019754 2.1662822796198054 
118 1180 0.01654524588390448 5.630498802834749 3.137718901646387 0.3833971097498375 0.4130421015439172 0.4239222128596811 0.46940422202696325 0.5019690510971521 0.531992394580905 0.5598227868439521 0.5997528634510777 0.8285982099939894 2.158716967456763 
122 1220 0.013307436992784215 5.672717416020577 3.13193228580905 0.3696068742936623 0.3956577858903931 0.41061855023310617 0.45400941265169714 0.4753511547343582 0.5129584138480818 0.5694593938002207 0.5793105205551491 0.8177834073550125 2.096675352886586 
126 1260 0.011943813254167783 5.749170202015081 3.0975068672919446 0.35893916794090625 0.3801627333639932 0.39622499694057967 0.448915650836824 0.48540834085784557 0.48820066716115756 0.5508535468009715 0.56483846825798 0.8071955558229671 2.0636023686619454 
130 1300 0.014052693377323568 5.86685415130565 3.0457280622862566 0.34104866684585566 0.37556323405134007 0.4002714047897755 0.4519970140152904 0.4813500762906016 0.4827670690487104 0.5330614076818764 0.5588313450612267 0.7978056347962952 2.0008827868818657 
134 1340 0.013205096719981123 6.218690129117599 3.203277997417794 0.33279210683440175 0.3669984174190011 0.3955930429667572 0.4455177950470302 0.46466986584917647 0.48253147068891544 0.5210131727795738 0.5440746877674623 0.8243471144974939 2.0695309898193437 
138 1380 0.01449329607206432 6.431652892557485 3.261708587087828 0.32388108737245186 0.3527238854784296 0.4022146660400935 0.4305009488785937 0.4522735063077826 0.47114181363425145 0.5018147484590728 0.5549398316349179 0.8491659314324939 2.0830907324436936 
143 1430 0.01853414809086252 6.814129546385783 3.0302977070286694 0.3143970449717952 0.3436358134149451 0.3929913034685756 0.42253413730929484 0.44375838347532126 0.47521519645536653 0.4889458794232919 0.5441000746791628 0.8518057023399214 2.1423421934386897 
148 1480 0.02274052470811436 6.918599044069207 2.962855275218294 0.3053932212977425 0.34027133803436177 0.3766558943908952 0.4181322200589124 0.4285905878185072 0.4591601831350068 0.5180510707599535 0.5505733567674149 0.8543647777406926 2.112893248935777 
153 1530 0.02658162550381346 7.245168948673612 3.2517605200577657 0.2959889382123262 0.33035721424356557 0.3551417078564348 0.4002159839969164 0.4161617411088805 0.45311673795994795 0.5157007089056803 0.5469121168164055 0.9086341610561854 2.144489864286818 
158 1580 0.020977628514109874 7.212334789232531 3.15314999295449 0.2925520667516093 0.3131335304608693 0.34243400505756405 0.3817471664365495 0.40367189614946597 0.44514075611863285 0.51137098606068 0.5342516195869674 0.8882382923613014 2.1099834486945093 
163 1630 0.016767526525460204 7.108757034406534 3.144303537234494 0.2892197246143371 0.2972037827004225 0.3313199317028394 0.3746402294971557 0.4018452274790885 0.44050827443494117 0.49709334441300035 0.5284981365756932 0.8487012746902348 2.0559927518412895 
168 1680 0.020295182045469182 6.884155844001358 3.1561441472937193 0.2909352062672232 0.296815956401011 0.34387644788595173 0.3692563414443157 0.4075452640249013 0.4412200757362815 0.4798873601384346 0.5231102184617935 0.8220627308954955 2.002843300450245 
173 1730 0.022200731162123632 6.822492493281851 3.1436538959862808 0.2880448037428082 0.28989868643822153 0.3389778028202839 0.35779132298556554 0.43284050089436626 0.44726677648719176 0.46806554936503025 0.5084586135621089 0.8139301436299188 1.9651835112641531 
178 1780 0.020181601657760787 6.97058922875915 3.102665050340668 0.2721271273927315 0.28975653570468585 0.3395204126303916 0.34757076371398804 0.4087874329506673 0.43381761190771134 0.47170602401948164 0.49935362352823454 0.802717922831114 1.896886423056943 
183 1830 0.026086187357010456 7.1885158579621 3.230760463833458 0.25818196346634736 0.2819524490069735 0.32630476121901014 0.36126135981143576 0.41798931365199427 0.44406484554332865 0.45634333404303784 0.4903041623520906 0.8062453598425123 1.8559451386176296 
188 1880 0.02517170709713194 7.5728492618673 3.2730118642127914 0.2489187369808078 0.27576129961081686 0.3261859520022451 0.349830926305599 0.41154129265949657 0.4300267038700659 0.44847577524597343 0.49705868956324856 0.8108690912128944 1.885024073610051 
193 1930 0.021623238559346673 7.5507780577481975 3.3622924690127975 0.2412796694920144 0.261463860078102 0.3197169501333135 0.3349743952070948 0.40070291784335205 0.42083323058473504 0.4470848227564544 0.48543647613249685 0.7975469122954101 1.8218492341810395 
198 1980 0.02544407905969368 7.626990045935454 3.35061140145039 0.23838098740801267 0.25565993257572656 0.30779435886618595 0.32730393913371003 0.3863742856643401 0.4229012262665229 0.4361492421534565 0.5054968736225628 0.7931375781330202 1.8181294181011773 
203 2030 0.03001982969354609 7.876434653557056 3.3557419128004744 0.2289662758125675 0.2445180632573156 0.2948885011828817 0.32320747560100443 0.3767059675277365 0.41663559240604847 0.42084731347417853 0.525117326933846 0.8022819937383159 1.8034379093060096 
208 2080 0.028041841229645197 8.080158451958567 3.380292159411905 0.2185063779998084 0.24115978275233993 0.28702538482165674 0.3316257519088981 0.3622999717972516 0.402771175750912 0.40801880119468953 0.514849017360496 0.8195429140373774 1.7655661570020054 
214 2140 0.023075958736449763 8.013782042560797 3.0107914359929664 0.2130622160830353 0.23069363539602633 0.27758195015992565 0.31869119961424364 0.35755378002762184 0.3853773756945357 0.3944550792284671 0.5098254017806474 0.8243526769226002 1.7074341611944364 
220 2200 0.019516145536482957 7.85342503244385 2.8654808476702724 0.20666402620499452 0.22651240766973701 0.26151300979460307 0.30844987794781675 0.3537833995741004 0.37253602379325373 0.3822660311838988 0.4882921815296167 0.7829982876342151 1.6230204367039358 
226 2260 0.015218570828514898 8.121796381891798 2.8711726354108764 0.195018469265157 0.21318633990668986 0.25337734294223874 0.31123129741799993 0.3443649748998212 0.3557548779709596 0.37731354203459544 0.4806503208546259 0.7613507574948827 1.5839002980798291 
232 2320 0.015502199031253695 8.28445436431409 3.0714771470051803 0.19220948913349417 0.20355598714463502 0.25064801404769566 0.30489842509263043 0.32398541316125007 0.342054718902443 0.3585075306454661 0.4851788962341668 0.7667804569973264 1.5923507411145574 
238 2380 0.028439213143959266 9.909831724556419 3.754420687800861 0.18363677208019494 0.19757972210118444 0.24110039853127826 0.2932586108328525 0.3164021190812595 0.33347152623215026 0.35008092147009084 0.502537338270648 0.7959376882932989 1.819809509755452 
244 2440 0.03766689099891792 10.197420327723389 3.4959478939623128 0.17446979822476125 0.1932630062437758 0.23017224735670985 0.28054284353807285 0.321598159296597 0.3269978623642509 0.3348504099124982 0.4767697689442185 0.762216516853274 1.7791418669909784 
250 2500 0.028329201126620834 10.317305520462517 3.396686651892171 0.16483585975362608 0.186145235645224 0.22523917283321973 0.27133573563695557 0.3115859425793902 0.3208279760157373 0.3359545241254061 0.4508237116776357 0.7341840660135489 1.7006619258062716 
256 2560 0.019057628188094096 9.97158951368769 3.3606925025524648 0.1604796699209478 0.1834615561210289 0.2287519647961217 0.2594111162653159 0.30035373950796596 0.3106075470627408 0.34404425909207664 0.42346723150056376 0.6935074864697277 1.6002373937437848 
262 2620 0.01593917964858111 9.821284224671976 3.236165664580272 0.15548057114384542 0.17197205812764665 0.2188441151318162 0.2548763341458335 0.288308134127942 0.2968690511596398 0.3314582807113366 0.42325215356363083 0.6601843235932008 1.5270188806180378 
268 2680 0.014510295618019774 9.786089497219553 3.2102195139682776 0.15127870531428816 0.1678270846512993 0.23382517112267068 0.23883962489519334 0.2702535984407128 0.303995119149149 0.33368906003130716 0.3998906146732459 0.6245774286813084 1.480426949229127 
274 2740 0.018522614330652047 10.12928299673685 3.352159147067914 0.14578667600868941 0.1621255015732862 0.22264122204436282 0.22894190622517294 0.265961657203825 0.2926749278800591 0.3520238960977607 0.4198176977342684 0.6158964002122764 1.4767144984456018 
280 2800 0.020530579506244182 10.557705090891528 3.3954168498273107 0.1401450510446147 0.1551869668477247 0.22673826851119155 0.24102391106730653 0.26679818388405246 0.29154936051594016 0.3410690133208804 0.40656617536966255 0.5955587527790365 1.4796101188769815 
286 2860 0.027396798118241767 10.317073688876198 3.4653984758331458 0.13641265477067827 0.15218243346014554 0.21344991477640823 0.23621779818317493 0.27681503927163925 0.3025404175868562 0.3353772107916226 0.3841640400583959 0.5924271484207388 1.4073794113643168 
292 2920 0.03297444061846607 10.757843078457032 3.434970784633931 0.13119675575249096 0.14349271706562639 0.2042150809372111 0.23941730970026634 0.26966759276649405 0.29730648368092594 0.32659827745662734 0.37538071822854163 0.6122643283606585 1.4113941107879526 
299 2990 0.035123944874198884 11.96131409554239 3.4231417159709525 0.12410717030924516 0.13850573431521992 0.19174521689270732 0.2481295532071454 0.25817099978265806 0.2818427811057248 0.31293404852240786 0.38042311511422555 0.6002910855750764 1.484484845577854 
306 3060 0.02480363357031491 11.674546786970726 3.2686733409775304 0.11966261204129475 0.134967636428237 0.18370944355963265 0.23533534345581042 0.2606555651933456 0.26668480478449524 0.29162538014153633 0.37032398594481003 0.5693115966630242 1.397006762927222 
313 3130 0.02000338942044092 11.6480919133149 3.3112987801402882 0.11439811242019723 0.14087359266211552 0.17347971552132144 0.2214920106469776 0.25132369165359747 0.26563747279194055 0.29387965330450083 0.3739753997647912 0.5449088660837714 1.3325197281801882 
320 3200 0.02854624022487612 12.112413281664452 3.2152641084628684 0.11022278562458955 0.13755133915506015 0.17390033669543173 0.21777341085515448 0.25076650798772027 0.268405310531928 0.28720263326231166 0.3548543204888342 0.5516040554827583 1.335063932541332 
327 3270 0.03886614452324427 13.164175031215914 3.384301334191155 0.10351606280545042 0.1300281437043869 0.16268066943330423 0.20983766511433033 0.23712617170571743 0.25700537696691 0.27786110273961423 0.3828095541569352 0.5509207267164037 1.3627035693132887 
334 3340 0.041926554865299184 12.549335591188377 3.3269052116349687 0.10202859090046701 0.13113898003850596 0.16088986731462968 0.21209901952676283 0.23464399792434665 0.2535308061054992 0.2732771469407173 0.36679876830234 0.5294300430775811 1.2803910271060293 
341 3410 0.032119553903778186 12.11603176840679 3.2593415430742465 0.09850665347191673 0.131313815717759 0.15877498263018233 0.19961593204950545 0.22662504511317125 0.24825113749221686 0.2766171417675313 0.34176552561896223 0.4948726655171263 1.1935097428651822 
348 3480 0.025049509788010325 12.29762026321388 3.4097015580732895 0.09391612819786475 0.12882472705787376 0.14860194634854193 0.1967165394820023 0.21247522736174074 0.24180769170627034 0.2649400933880374 0.3211318552381521 0.47144811305265166 1.154944881168654 
355 3550 0.022327643066319108 12.69284767242412 3.416123755402742 0.08883052697511093 0.12732242162644875 0.14627016684373562 0.18704190514689267 0.2018087255733391 0.22541357414139385 0.2601762518251945 0.3082420734177186 0.4656801033093977 1.1275123475562447 
362 3620 0.021421233335787757 13.72665199541317 3.671880898723858 0.08404529138847158 0.12377738653011018 0.13599595680095486 0.17946415370393806 0.1905905327763753 0.23194846002647962 0.26134972161316067 0.2936681883540449 0.45691442345015776 1.1536604667426447 
369 3690 0.026430431665917305 13.961672671064836 3.711625441437457 0.08054600852260493 0.11776022798974187 0.13033847563118678 0.1708498375545782 0.18611534791861473 0.2258796223140799 0.26185946665876153 0.29646455417712175 0.45617398923024316 1.1245570059534087 
376 3760 0.023334667619598057 14.730794624749214 3.6802846628035093 0.07805973297887148 0.1104507631402985 0.12391164936045249 0.1626321335911827 0.17812933620247232 0.21787719120770976 0.255285628835239 0.2948124134091706 0.44733517133036943 1.1498818949745189 
383 3830 0.02863669425740098 15.31572086357649 3.9652718477343085 0.0760856904248971 0.10697522225032491 0.12270048345133452 0.15433171082093328 0.17282470564979813 0.20826645608875669 0.263695460551782 0.2814785230794804 0.4551872891896577 1.1653071962602184 
390 3900 0.025808242432356084 15.88930196794276 3.884053987412933 0.07207943466991294 0.10555529744574514 0.11648797069364521 0.1506444990125491 0.16272196667676067 0.19731189169029234 0.258687653337046 0.27244918404358015 0.45265466371356944 1.1452919031488493 
398 3980 0.022367610096544727 16.364822254615586 3.9963419603348904 0.06868047015404496 0.10084586358598309 0.11519790852072953 0.14276557926379568 0.17098001697910226 0.1830835011725686 0.24123223987167022 0.2710395050827071 0.44189090095567685 1.1239436864343766 
406 4060 0.030357668080289942 16.209825552226633 3.8445292969864853 0.06767728835252788 0.0997569712301152 0.11562912566181961 0.13873110828563476 0.1678175692592676 0.1764366905972136 0.24042625253443048 0.2734598261340054 0.45942517718622466 1.0970370380422163 
414 4140 0.02189671608499595 16.68329569320594 4.057065333055769 0.06468537409399179 0.09349399539739495 0.11323518892718348 0.12896349771477544 0.15554742359743215 0.1696692534700419 0.2287689407833632 0.2561953389396295 0.4384316103828493 1.0791652230357085 
422 4220 0.020490530163789947 17.8517378716972 4.398695171409908 0.06081973110962673 0.08829462332343704 0.11435386644706581 0.12203939700199973 0.14884289731743786 0.1615632733435919 0.21497817942942596 0.24992810822353534 0.45439626844092157 1.085737897196164 
430 4300 0.022011759218270942 19.67805273364904 4.821582110253596 0.05823387691639456 0.0825926498465122 0.10930189127613607 0.12105118927954607 0.14608643296401005 0.16150865195753977 0.20202556900221277 0.25433236550431804 0.44281786136971985 1.1459293008456397 
438 4380 0.02221976031790867 19.531175233908726 5.0104554558437995 0.05640808317826581 0.08595464501553811 0.10309450766687887 0.1147708420124913 0.13912213346380417 0.15291502900622192 0.19023004823943232 0.25625608593970933 0.4125529597209162 1.1017161571636087 
446 4460 0.021656019914976486 20.58214719712441 5.300176276968704 0.055893342307369386 0.08243829526933308 0.09967052958691233 0.10844090459597379 0.1326447829653185 0.14462192278617989 0.18756605690423905 0.2427805559495372 0.4087487953386179 1.150404998709538 
454 4540 0.022529934449809302 24.124697364843794 6.605416058135511 0.05424342126906137 0.07591826722698213 0.09601143465477634 0.10136812066937081 0.12172764433447544 0.1398002468326545 0.1871240784009739 0.23727566753732926 0.39867572165535564 1.3086061221498366 
462 4620 0.029481180733736918 26.428024130430188 7.451696694137907 0.05112562777940896 0.07160728749547557 0.09214424527908911 0.09832835854155617 0.12101232813357607 0.13296094873250672 0.17979965343647897 0.22943508274300792 0.3915429359373449 1.351149324637612 
470 4700 0.031320231571737286 28.27419925644563 8.207337862708432 0.048604653531242645 0.06706445297092849 0.08826356800774979 0.09527488673892409 0.11284635052509967 0.1310434429620227 0.1693664513541415 0.22125828906642864 0.37647172609248725 1.3742576587328583 
478 4780 0.02446419135739924 28.97894406710095 8.924373225555408 0.046445373088333394 0.06649631989283934 0.08580172447539562 0.08923384765208316 0.10678042558349568 0.12482951876201577 0.1546844216973409 0.22089798506082564 0.3763376695732827 1.3459378689024493 
486 4860 0.021587370757285534 31.223499597567187 8.921108431733929 0.043558658934750194 0.06265203289252315 0.08112379664414397 0.0911843482879235 0.1065807790118533 0.1177024047042675 0.1515237618001951 0.2205575416723123 0.3482928732703184 1.360053769719739 
494 4940 0.014927552867081435 29.99575540905937 8.838344541477827 0.04332142885470805 0.0616009496405412 0.0822021361849924 0.08667715817613722 0.10173201659710217 0.11027263380509536 0.140165426620042 0.2040262180056943 0.33336272700641767 1.2994589838967896 
502 5020 0.01060504680673093 31.899051769515875 9.22602873505284 0.040378379414629684 0.056904555234664464 0.07671282567329948 0.08893303077482068 0.09820340784996985 0.11160414518265198 0.13179956767862377 0.19369734266931293 0.3115569543050731 1.2880320153164264 
511 5110 0.008528348597816393 34.381341138792145 9.547313703695446 0.0376425473694059 0.05649982586510861 0.07427927773791192 0.08509619796422643 0.09117568275203881 0.10605212053714948 0.12658948819254226 0.1815020267970873 0.2866064582539087 1.2942012624406871 
520 5200 0.008700525448891543 38.195841268734625 11.478551753382874 0.036254070730245794 0.05497758131642967 0.0678129765693191 0.08070397792654396 0.08932897402752396 0.10013613591544908 0.12542599084562064 0.17532788082361675 0.27258493361602437 1.3847547309579464 
529 5290 0.010012999733594591 45.88887360704032 13.464922328218961 0.03367751025712356 0.05500694678435615 0.06458428053851441 0.07681381055934068 0.08538472379435723 0.09297501520575 0.12387060584795115 0.1629345638622252 0.2553477884585307 1.545423011588947 
538 5380 0.008159360955304088 52.8640456445041 14.601667604127012 0.032129183239888844 0.052022963059287296 0.062410897145803064 0.07278990151991907 0.07898295387932679 0.08662227785199873 0.1240713453089844 0.15714405178492447 0.2295520343972273 1.69847860931412 
547 5470 0.005422856330358561 55.24431081290038 15.398229557790787 0.030042912940851842 0.051232033577075405 0.06250361829500596 0.06875629593227812 0.07516449955747152 0.09227444849481936 0.11501743692051003 0.14783772480881596 0.2137322034788369 1.6597000202293262 
556 5560 0.003191259125132479 58.72476013993085 16.451940860466443 0.027915889486674436 0.047968680066533 0.05773776849635985 0.06416288454148093 0.07461144973990866 0.08985418636433296 0.11041735785849444 0.13729622481243378 0.19452728265964908 1.6393539141977735 
565 5650 0.0025735235404487806 65.31216621843195 19.40905598094143 0.027526880198948618 0.046336687438666355 0.05314385299983355 0.06113566184196272 0.06956235616608382 0.08398238009919563 0.10500907885089161 0.1317864751151598 0.19383210561434647 1.7978401750285955 
574 5740 0.0018506253375594394 69.15470287754493 20.553316336757987 0.02672332271555513 0.044545643014618996 0.04933643618094152 0.05914441065204083 0.06370773565208995 0.0785136174110117 0.09811757205515834 0.12305730429196335 0.18276794572803098 1.8480434422949623 
583 5830 0.0013997412626620596 75.44860973910625 23.482186320633453 0.024823970049047607 0.04196973674061635 0.047666055430070874 0.0554330068949811 0.06441303758634082 0.07514268053487744 0.09304919736879362 0.1131220891508331 0.1676160492379791 1.8729340284058549 
592 5920 0.0010548849026671392 73.94226660379266 26.4303156195593 0.02557460835643794 0.03853167177644325 0.043973868044626045 0.051310802915223885 0.06054214947143945 0.06978614963686111 0.08816503256934656 0.10915750443696301 0.15963660147664974 1.8910445093793178 
601 6010 6.723799456996067E-4 76.577237234142 28.446900281811843 0.02581869007611651 0.03620098933940376 0.04003319987612564 0.04746443446294222 0.05634460424378265 0.063981718880849 0.08441176931765987 0.10270819488066722 0.14433062703938512 1.9771239550335618 
610 6100 4.459075142734584E-4 78.34954069934577 30.21092673196502 0.025488222690771015 0.03528980416528126 0.038944655916834825 0.04394101977206092 0.05290289804543128 0.05997479806002044 0.07855526353595142 0.09828658952966686 0.13420530277158338 1.9969905410645519 
619 6190 2.9460984665815356E-4 78.63338786984181 30.663420303904733 0.02474471342141369 0.03361614562476712 0.038406983194782994 0.04225106914227934 0.05026953807547601 0.06044209725683341 0.07799683518374631 0.09262979319761865 0.12094005586848004 1.9457606481941032 
628 6280 1.3640893249380561E-4 73.04235965157471 30.76779936822568 0.02472831408105491 0.031336009487048976 0.03662165566183236 0.039132882811240555 0.04674066664088278 0.058043448132918694 0.07147663982716682 0.08585815575617631 0.11219826993236041 1.806214410685512 
638 6380 7.410958673156349E-5 74.56935082545857 32.037395567886385 0.023156095982628577 0.02856076350373746 0.0350627104365987 0.036649949283701265 0.042579836304003055 0.05316375321113992 0.0680931795083066 0.0776392471280715 0.10573645494756714 1.7267350450766221 
648 6480 4.4266374467473136E-5 67.57481861486576 29.851044187957882 0.0236367300253024 0.02842731620846204 0.03375402144561626 0.03485574564457802 0.040327562488540726 0.0499029811842116 0.06540664477805469 0.0732040285774779 0.09719101095513331 1.597247744108361 
658 6580 2.0728700063373745E-5 67.08206759407814 29.570151704756537 0.02279519920171183 0.027721197228893796 0.03161952762723543 0.03320255987647884 0.036602071096817915 0.046577703380623864 0.059871310527343034 0.07056938134117657 0.09160794628442515 1.529149093669709 
668 6680 1.056565740820826E-5 67.96076490976614 31.730253753448824 0.022187384846234698 0.02597195691029553 0.030532470115688232 0.03134103787924488 0.033837336450480746 0.04376271418750717 0.05706840778864606 0.06537560938974818 0.08499916376529522 1.507871645497464 
678 6780 5.242358148626575E-6 66.12903500933525 30.88383580118705 0.02143335129237783 0.024488559332979172 0.029420425107060565 0.03078494158456228 0.032185209763057894 0.039492924742697055 0.0519050546187925 0.06197845875071512 0.07899013877214336 1.4173668379810345 
688 6880 2.778630874543225E-6 68.13847680925501 31.134428937573247 0.0201146052091976 0.02315491576586959 0.02723206937036823 0.029679776440197824 0.03166994310800778 0.03804024666963289 0.04643749323016382 0.05889734675900283 0.07495970477696266 1.3705785605742309 
698 6980 1.1779089945262923E-6 64.16488123973822 30.125998882089405 0.0192170262765203 0.02302864788615899 0.025633726114928465 0.026745883737886816 0.02966962372599695 0.035470151220854965 0.04475389388871902 0.05562289592060619 0.06752631734267195 1.233058208813854 
708 7080 4.975618953256641E-7 67.37480903748671 30.638553348688426 0.01772999482019402 0.02129129102008776 0.02405691878428451 0.025778404337160648 0.02809422092391091 0.03279009576303677 0.04174779859579615 0.05024436110768028 0.06347454137350057 1.1945550152462006 
718 7180 2.3808979446196158E-7 65.33720161539935 31.05870269263085 0.01687838198170024 0.02045121149994101 0.021973308578188966 0.023919030953762955 0.025579545114829707 0.031472700158133735 0.03827132070167047 0.047565912273319993 0.05913201076390108 1.1027862464800722 
728 7280 1.1418341795582119E-7 67.6063419758196 33.625893603540455 0.015768209310170162 0.019188470911147306 0.01971002566941251 0.0225060113224965 0.0237461893589849 0.029884114428093297 0.03731209303250892 0.04403577195287445 0.055116651692332 1.0660309509696666 
730 7301 9.834310344016925E-8 68.54655646615494 33.58800429546342 0.015653957165646284 0.018920683903686418 0.019248500556637082 0.02200922996427624 0.023584328334920076 0.029270645863065894 0.03681789652402052 0.0433516907965046 0.0539892061775868 1.0730248587737439 
