%# iteration evaluations sigma axisratio fitness_of(bestever best median worst) mindii idxmaxSD maxSD idxminSD minSD (randomSeed=1431185311826, Sat May 09 17:28:31 CEST 2015)

1 10 0.18306444375673173 1.0 19.235918908816007 19.235918908816007 37.5564074159018 75.60665904464986 1.0 1 0.1889496422657957 8 0.18036716485796353
2 20 0.1569199503390068 1.0663386783321285 14.935481077997574 14.935481077997574 47.71197729005244 97.79921923984544 0.9836344012096953 1 0.1618810549232239 5 0.15303904355672615
3 30 0.13696391442457098 1.0909300455319126 14.935481077997574 17.727341582554107 28.917124216895335 48.74514421900949 0.9675580376704197 1 0.13992535715851967 5 0.13192966247947452
4 40 0.12288937694090606 1.0947025903655703 14.935481077997574 16.40148719885788 23.967814544504336 42.39701617860292 0.9526651269040848 1 0.12534757364967064 5 0.11665502053925109
5 50 0.10900906989368714 1.100247850057654 14.084697053080054 14.084697053080054 21.1750961479773 36.553161692159705 0.9401599342706873 1 0.11005169569476035 5 0.10277363773168834
6 60 0.09626774517298707 1.1032990872902706 13.64008801074056 13.64008801074056 21.6833564853388 30.024071867276774 0.9281467760982945 1 0.09656498035722616 4 0.090602473493621
7 70 0.08359309487849476 1.1201607447014121 12.422506002590568 12.422506002590568 17.360931914491502 21.887422972416633 0.9152216401859882 1 0.08395989013088903 2 0.07791466904961108
8 80 0.07444641716203583 1.147758730818079 11.568828841049662 11.568828841049662 15.790991265656317 18.866714863781734 0.9019190979161454 1 0.07430098757223635 7 0.0686989316649343
9 90 0.06661732164461938 1.1483771055820613 11.568828841049662 12.47327287631835 17.043946542293284 19.99450860748637 0.8936201664762201 1 0.06618038508581046 7 0.06064915884288815
10 100 0.060605372597346385 1.1713574984358581 10.392777423014698 10.392777423014698 13.375301448222247 21.216739595040746 0.8840046262035608 1 0.06048650437089404 7 0.05496194503784508
11 110 0.05963442075272823 1.204499710944895 10.392777423014698 10.526555625312046 11.936037228800627 14.329431042101172 0.871612951348026 1 0.058751040159222404 7 0.053567090495701915
12 120 0.05740262793946035 1.2068873302984295 10.392777423014698 10.434189094320889 12.541388270781134 14.221402208849101 0.8699900144850328 1 0.05621132691082111 7 0.05080831819644384
13 130 0.05510245809966153 1.2215997671260013 10.392777423014698 11.621119565937526 12.505510950227388 16.646296319504692 0.8614928058010767 1 0.0535764314545991 7 0.04822078647735591
14 140 0.048574694238693344 1.2410863632703977 9.677555910913298 9.677555910913298 11.89241055241933 16.642544473200832 0.850138839678761 3 0.04714161804321084 7 0.04203177427877213
15 150 0.045936102122999575 1.256540651565096 9.677555910913298 10.728527655672575 11.171480706739349 14.367947641968334 0.8372974574757726 3 0.044432255283389094 4 0.040043084137997495
16 160 0.04158717938340919 1.2731445598555708 9.677555910913298 10.650292029912242 11.308431238359269 13.104428566472588 0.833461095311414 10 0.039803089677562846 7 0.035803132111170095
18 180 0.03893636670486231 1.2825768029328528 9.299857802558895 9.299857802558895 10.084958375347602 10.729685302789019 0.8140873897335077 1 0.038748494454178495 2 0.03298479182488233
20 200 0.03592419905412412 1.390179552112193 9.114058778957318 9.114058778957318 10.069284066218355 11.459382927023142 0.791190431633691 1 0.03663719470351531 2 0.030026156069481245
22 220 0.03054350295013193 1.4068181582971204 9.114058778957318 9.466863144075118 9.837744586248126 10.169979407434097 0.7741955625812077 1 0.03060855417386853 5 0.024972816860114513
24 240 0.02742885022204692 1.436352601668101 8.892331083085981 8.892331083085981 9.484065337951247 9.762041164631707 0.7596249924601461 1 0.027310003974400705 5 0.021905834690496326
26 260 0.02474867664007506 1.433317120671769 8.865435213171104 8.865435213171104 9.067155217802847 9.32930696209474 0.7479906556900823 1 0.02404145524062668 5 0.019272166224840192
28 280 0.021852036116537965 1.4224520065647352 8.85999757661877 8.885413603210532 9.18573581927178 9.441269577741043 0.7346847355110985 1 0.021091630676632698 5 0.016823251493301827
30 300 0.02070983902938074 1.4718387476839008 8.85999757661877 8.946846759752958 9.285413852286107 9.404401523819162 0.7208179342640244 1 0.020222179406782226 5 0.015608541695002821
32 320 0.020425551558913905 1.521367869719576 8.70722527572261 8.70722527572261 8.957444023953073 9.193582085692832 0.7059336830535323 1 0.020806920123687598 5 0.015273381517760212
34 340 0.02054868786790493 1.644430677012809 8.658041786733088 8.658041786733088 8.959765399762054 9.341277175574124 0.6998493777270394 1 0.02148433055739077 5 0.015406021651664582
36 360 0.019037200396773073 1.6737940955053614 8.572862713013137 8.572862713013137 8.805012762112781 9.001766884081224 0.6893467467608647 1 0.019998321380404905 5 0.014067373719545608
38 380 0.016620318127432126 1.6895113211940898 8.572862713013137 8.60464432054108 8.730928034266066 9.021376590611059 0.6791213141126529 1 0.017461275480548412 5 0.012268642846161436
40 400 0.01314303806181245 1.6750809934416093 8.572862713013137 8.597558725630462 8.728918293414488 8.948069165370429 0.6771402774447738 1 0.013751146304260279 5 0.009534219259679321
43 430 0.009676733095697521 1.6693530451938097 8.546143372320962 8.546143372320962 8.612435383122214 8.707435032614196 0.6571755348782761 1 0.009935850852143633 2 0.006885786224551378
46 460 0.011808391261371539 1.8470663046105107 8.462355147571133 8.462355147571133 8.557222201384727 8.631417671173047 0.6422484108944516 1 0.013590648464738916 5 0.008316194159298492
49 490 0.013739128480842208 2.1490363637841505 8.418739838006292 8.418739838006292 8.492286979074352 8.618140078897277 0.6187672003497507 1 0.01778048326059345 5 0.009342407892605051
52 520 0.01656144353177324 2.3636642799636163 8.339689223362308 8.339689223362308 8.450071891748287 8.591725524472041 0.5993885935530034 1 0.022677800060712863 5 0.010971549847142865
55 550 0.019225350329260475 2.6159985044259866 8.20553051893351 8.20553051893351 8.39845109684788 8.474979539255843 0.5909220321487 1 0.028877965386029786 5 0.01253278473620482
58 580 0.017945286645529544 2.8362898442977613 8.191127861757163 8.191127861757163 8.378180660418172 8.448874995484315 0.5752732973768379 1 0.02738935987028905 9 0.011675068795640316
61 610 0.014242048666475774 2.837377349946517 8.091752703625637 8.091752703625637 8.224272083098148 8.299639521546949 0.5684682242765814 1 0.02146590858839749 9 0.008954156747821835
64 640 0.01631285343750368 3.1131933900804207 8.008347946052327 8.008347946052327 8.151197124934315 8.217292959993298 0.5529193859649476 1 0.02618335197823808 5 0.010154323759512298
67 670 0.02283015803289041 3.60094544732312 7.8502109284433566 7.8502109284433566 8.08274569592253 8.265565864795931 0.5429115905317466 1 0.04108572054114815 5 0.013762694518488305
70 700 0.03230631256248712 4.137686787532172 7.69052491007248 7.69052491007248 8.138765455564526 8.562859622101847 0.5303625337918885 1 0.0610305083000423 5 0.01916730214697068
73 730 0.028045284387319933 4.3554613205177315 7.626227170508949 7.7512591911551905 7.842011730357373 8.421785506727836 0.5130654311121003 1 0.05227325578104795 5 0.016294766188678842
76 760 0.03254055651070632 4.678888752566435 7.617208381455723 7.617208381455723 8.322418067661477 9.753082335575117 0.5017720318685563 1 0.0627243119300638 5 0.01863802054228079
79 790 0.027048232379487832 4.808332198147441 7.289748815143048 7.289748815143048 7.749336879330012 8.20495961715362 0.49017677622596173 1 0.05033727394359451 9 0.01512020943392245
82 820 0.022016429571264987 4.806334782939269 7.196481308381238 7.239861695810321 7.405974991001951 7.622493030147954 0.4746244255179265 1 0.039449577453164755 5 0.011970210802373114
86 860 0.019519125600086465 4.636986300137004 7.052291911177825 7.102513674771835 7.233031175021523 7.528366559513393 0.47487467492082125 1 0.03408441053865191 5 0.010514690747054077
90 900 0.016217550187969023 4.78967577837321 6.935405589436239 6.935405589436239 7.101049895910086 7.1400259649173785 0.4636203369604343 1 0.02767296803023183 9 0.00858917534925986
94 940 0.015953817179567887 4.925389646952986 6.844555163314519 6.88411182394598 6.961280245586437 7.190102778091026 0.4465695426622192 1 0.02642861902250559 9 0.008242167241519015
98 980 0.017628843437204805 4.870680986103728 6.7572580928410275 6.7572580928410275 6.910528151085879 7.141320895291846 0.4366725064210995 1 0.02824743160848798 5 0.008895202074612097
102 1020 0.018673681863514188 5.2381387056550714 6.660748234538562 6.660748234538562 6.947719583816927 7.521115834306288 0.4200583744200368 1 0.029253092436359346 5 0.009263756650326782
106 1060 0.014218871141550994 5.465603068034819 6.554261975832509 6.554261975832509 6.7293668622779315 6.796612760434723 0.4153156459085366 1 0.022363093368001886 7 0.006967105197412227
110 1100 0.012997248807049553 5.533080613014214 6.481360937808362 6.481360937808362 6.59797139352555 6.637972072539102 0.40198576714615547 1 0.019721694070127863 7 0.006185507207570657
114 1140 0.017427980252782263 5.537004881322112 6.381547027088261 6.381547027088261 6.4996447480235915 6.897896585314943 0.3912371988197608 1 0.02547730485571891 7 0.007998138824710854
118 1180 0.01654524588390448 5.630498802834749 6.375240450124412 6.375240450124412 6.50777855037175 6.810508556054754 0.3833971097498375 1 0.02342529296449333 7 0.007465707954973878
122 1220 0.013307436992784215 5.672717416020577 6.295965795575681 6.300001792090546 6.3540034272336685 6.496051425418484 0.3696068742936623 2 0.018308009219217984 5 0.005845595481796505
126 1260 0.011943813254167783 5.749170202015081 6.233823990056608 6.248773478774218 6.287608213809787 6.568747971533686 0.35893916794090625 2 0.016173878752092776 7 0.005221579626789691
130 1300 0.014052693377323568 5.86685415130565 6.130639037861918 6.130639037861918 6.18813813883507 6.256670829850434 0.34104866684585566 2 0.018405372975630233 7 0.006043012573425335
134 1340 0.013205096719981123 6.218690129117599 6.003134893283531 6.026132976757697 6.1259570859487225 6.203220761338932 0.33279210683440175 2 0.017554542632920823 7 0.005480180816985532
138 1380 0.01449329607206432 6.431652892557485 5.927528206468197 5.927528206468197 6.005159774773054 6.0519396243214185 0.32388108737245186 2 0.019171312410196244 7 0.005877690142549825
143 1430 0.01853414809086252 6.814129546385783 5.8279644577963365 5.860257053387059 5.922097844468831 6.238932312942472 0.3143970449717952 2 0.02413551282950271 6 0.00796473322522775
148 1480 0.02274052470811436 6.918599044069207 5.673708326737354 5.673708326737354 5.758570277411426 6.152399681437251 0.3053932212977425 3 0.02881458337163798 7 0.009725275349304736
153 1530 0.02658162550381346 7.245168948673612 5.4996742392815055 5.523506539485184 5.61258641946529 6.131287064412688 0.2959889382123262 3 0.035086375100566634 7 0.010789962816801573
158 1580 0.020977628514109874 7.212334789232531 5.419353204004419 5.419353204004419 5.680772634243988 6.26801190670273 0.2925520667516093 3 0.027364732851462716 8 0.008678538259393763
163 1630 0.016767526525460204 7.108757034406534 5.241773465201426 5.241773465201426 5.4052596881113635 5.622643526528567 0.2892197246143371 3 0.0212839913478413 7 0.006769063831083302
168 1680 0.020295182045469182 6.884155844001358 5.155682096555727 5.155682096555727 5.316397217489932 5.470497543255592 0.2909352062672232 3 0.024679348681117208 7 0.007819461827267575
173 1730 0.022200731162123632 6.822492493281851 5.032572048324646 5.1193939342200725 5.219489430768658 5.365264906281499 0.2880448037428082 3 0.025841006310380464 7 0.00822005448607859
178 1780 0.020181601657760787 6.97058922875915 4.990412156941755 5.018426900462806 5.163583678296954 5.30489863764107 0.2721271273927315 3 0.022540401093108852 7 0.0072648515799776546
183 1830 0.026086187357010456 7.1885158579621 4.914764090994105 4.914764090994105 5.24699971716744 5.378783410266804 0.25818196346634736 4 0.02935544084886902 7 0.009086232537969507
188 1880 0.02517170709713194 7.5728492618673 4.711636385220474 4.734119813630182 5.0596116584410495 5.45302585724378 0.2489187369808078 4 0.028109103956345794 7 0.008588146063169391
193 1930 0.021623238559346673 7.5507780577481975 4.580875263055671 4.580875263055671 4.755969471418646 4.886368231096084 0.2412796694920144 4 0.02368803702209527 7 0.007045204199339122
198 1980 0.02544407905969368 7.626990045935454 4.459716215063936 4.459716215063936 4.616068614748772 4.861381212221364 0.23838098740801267 4 0.02809822349844251 7 0.008385998891509632
203 2030 0.03001982969354609 7.876434653557056 4.220618652401582 4.263916318326173 4.4755279855844625 4.8061045409741965 0.2289662758125675 4 0.032459990198138826 7 0.009672969805669566
208 2080 0.028041841229645197 8.080158451958567 4.14835840139698 4.2329948152623285 4.516228774812227 4.613691032149799 0.2185063779998084 4 0.029684886963006387 7 0.008781751861404457
214 2140 0.023075958736449763 8.013782042560797 3.8514644061959404 3.942723572595216 4.1856153630891715 4.408076230278212 0.2130622160830353 4 0.0233909967550599 7 0.0077690525074001
220 2200 0.019516145536482957 7.85342503244385 3.7664174128210854 3.8693522790343153 3.9137048568347312 4.08724829386341 0.20666402620499452 4 0.018604622110342407 9 0.006492670200698971
226 2260 0.015218570828514898 8.121796381891798 3.6490396187405465 3.653771843446856 3.7491081004488245 4.028125604828439 0.195018469265157 5 0.014062154320160006 9 0.0048977042155974905
232 2320 0.015502199031253695 8.28445436431409 3.5509743950999653 3.572253520258159 3.6768797544658636 3.838638804832656 0.19220948913349417 5 0.014520647977791916 9 0.004727578061894473
238 2380 0.028439213143959266 9.909831724556419 3.348176966473245 3.348176966473245 3.4914144083246064 3.5780807800244165 0.18363677208019494 5 0.031202698690635043 9 0.008310922319393014
244 2440 0.03766689099891792 10.197420327723389 3.2619080328099597 3.3163951015137276 3.7701601631502006 4.236269347146045 0.17446979822476125 5 0.03909580077527813 9 0.01118317605442537
250 2500 0.028329201126620834 10.317305520462517 3.14132361917666 3.2161760067045 3.439906286263213 3.7604563498867005 0.16483585975362608 5 0.028423260979441107 9 0.008367937314325872
256 2560 0.019057628188094096 9.97158951368769 3.038351760343622 3.061180376592753 3.1764604560332272 3.4793220811934624 0.1604796699209478 5 0.017842741644999972 9 0.00530924552944023
262 2620 0.01593917964858111 9.821284224671976 2.9774816927755787 2.9774816927755787 3.0709337499577636 3.137631508159477 0.15548057114384542 5 0.014212180310285418 9 0.0043916726717168
268 2680 0.014510295618019774 9.786089497219553 2.918517521988756 2.9265761611135024 2.9862922080058425 3.0326191649858925 0.15127870531428816 5 0.012398417180617367 9 0.003862171146449484
274 2740 0.018522614330652047 10.12928299673685 2.8424955770589744 2.8424955770589744 2.9330937807572215 3.0322526063408315 0.14578667600868941 6 0.016722246376845423 9 0.004988500140714421
280 2800 0.020530579506244182 10.557705090891528 2.7111688735099024 2.7543045188928805 2.8085466473784724 2.9358789480425136 0.1401450510446147 6 0.0182224873058405 9 0.0053667894434721
286 2860 0.027396798118241767 10.317073688876198 2.5423707037884693 2.5423707037884693 2.7342373843680545 3.010083341443326 0.13641265477067827 6 0.02358502234055873 9 0.006805861578411543
292 2920 0.03297444061846607 10.757843078457032 2.453437556018261 2.498605441317869 2.7080269314497687 2.918599698520941 0.13119675575249096 6 0.028284147807557468 9 0.00823417419853594
299 2990 0.035123944874198884 11.96131409554239 2.2939664456305837 2.302243710565113 2.5654647249839457 3.0056754689571985 0.12410717030924516 6 0.03101684658871069 9 0.009060929742989901
306 3060 0.02480363357031491 11.674546786970726 2.1195528191064796 2.251176561279234 2.3485788856507845 2.4590875247729196 0.11966261204129475 6 0.020414695137591005 9 0.006245559897853171
313 3130 0.02000338942044092 11.6480919133149 2.047080690211567 2.047080690211567 2.0978369087525968 2.168472851020309 0.11439811242019723 6 0.01579605122736169 9 0.004770349121649622
320 3200 0.02854624022487612 12.112413281664452 1.899253206246903 1.899253206246903 1.9469569263813093 2.2283562211163144 0.11022278562458955 6 0.022333825733886006 9 0.006946186994437359
327 3270 0.03886614452324427 13.164175031215914 1.706420118563637 1.706420118563637 1.9879485791010443 2.3372237752109415 0.10351606280545042 7 0.03085179930092214 1 0.00911615020483857
334 3340 0.041926554865299184 12.549335591188377 1.6421046431394817 1.7117717585265018 1.9609536516580266 2.4883266245075992 0.10202859090046701 7 0.03152961090979472 1 0.009477159373079901
341 3410 0.032119553903778186 12.11603176840679 1.479298365596484 1.479298365596484 1.6363005576305616 1.9372150650603792 0.09850665347191673 7 0.02259687146707536 1 0.006932955987718226
348 3480 0.025049509788010325 12.29762026321388 1.3695341963028076 1.3771287017282114 1.488449963698697 1.5724384367279587 0.09391612819786475 7 0.017242368090413785 1 0.005056855503845586
355 3550 0.022327643066319108 12.69284767242412 1.2630888569758953 1.2630888569758953 1.2925931563940773 1.334167583032749 0.08883052697511093 7 0.014820743257648745 1 0.004338467900704453
362 3620 0.021421233335787757 13.72665199541317 1.170401686235832 1.1777163811715559 1.2141147792637499 1.4186427678767273 0.08404529138847158 7 0.01466192392406645 1 0.003993028185952905
369 3690 0.026430431665917305 13.961672671064836 1.047461496955869 1.047461496955869 1.115884338161747 1.3166159983632424 0.08054600852260493 7 0.017334971873024237 1 0.004670452917875965
376 3760 0.023334667619598057 14.730794624749214 0.9596378038477844 0.9596378038477844 1.0468586116653849 1.112236853242642 0.07805973297887148 8 0.015633945646349623 1 0.004248026193289147
383 3830 0.02863669425740098 15.31572086357649 0.809673919109164 0.809673919109164 0.9319007410195832 1.0908693913144014 0.0760856904248971 8 0.020092768757752334 1 0.0050671856884750574
390 3900 0.025808242432356084 15.88930196794276 0.7263181413098325 0.7263181413098325 0.8460088764402514 0.9216515406008209 0.07207943466991294 8 0.017468493571468822 1 0.0044974898979465855
398 3980 0.022367610096544727 16.364822254615586 0.6444352169874402 0.6444352169874402 0.6916044045952423 0.7254045966010165 0.06868047015404496 8 0.014805406763308361 1 0.0037047397120309688
406 4060 0.030357668080289942 16.209825552226633 0.5395602788362123 0.5439126206604873 0.6165539898131214 0.7990324400934155 0.06767728835252788 8 0.01915314690948534 1 0.004981922474748323
414 4140 0.02189671608499595 16.68329569320594 0.4553172672802489 0.4553172672802489 0.4977462815447055 0.522792887689154 0.06468537409399179 9 0.013644535931386552 1 0.003363154105558741
422 4220 0.020490530163789947 17.8517378716972 0.3821004557379688 0.4187898822922812 0.4437094056463633 0.4704453793675561 0.06081973110962673 9 0.013272454491745187 1 0.0030173617344552172
430 4300 0.022011759218270942 19.67805273364904 0.3365654049993503 0.3365654049993503 0.3585978904207644 0.405707221928057 0.05823387691639456 9 0.014993747205729891 1 0.0031097152061030195
438 4380 0.02221976031790867 19.531175233908726 0.2576725153982966 0.2576725153982966 0.318538470143105 0.405096611544728 0.05640808317826581 9 0.01504898744896673 1 0.003003516862207562
446 4460 0.021656019914976486 20.58214719712441 0.21761699399724482 0.21761699399724482 0.24535848781219202 0.2987737504039324 0.055893342307369386 9 0.015173788995741658 1 0.002862883836840971
454 4540 0.022529934449809302 24.124697364843794 0.18164030495052463 0.18420779773498017 0.23086170533851147 0.2947436820797845 0.05424342126906137 10 0.018765540401942317 1 0.0028409323859062414
462 4620 0.029481180733736918 26.428024130430188 0.13752038601030026 0.13988171890807188 0.18233845845014096 0.5129165702517828 0.05112562777940896 10 0.026368699836202693 1 0.003538616897403566
470 4700 0.031320231571737286 28.27419925644563 0.08923710763970388 0.13552667063320922 0.18188844872708188 0.31247662609506366 0.048604653531242645 10 0.030349533919392303 1 0.0036978536069888217
478 4780 0.02446419135739924 28.97894406710095 0.04927791214158704 0.04927791214158704 0.09514829433864325 0.13098149811994525 0.046445373088333394 10 0.02433496551774243 1 0.002726798275094321
486 4860 0.021587370757285534 31.223499597567187 0.03650896346728261 0.03980967922823822 0.06863747773510377 0.13653710888500825 0.043558658934750194 10 0.02147081276495961 1 0.002406742719165278
494 4940 0.014927552867081435 29.99575540905937 0.02782671533060288 0.02782671533060288 0.04063721779361178 0.06849998813557279 0.04332142885470805 10 0.014416204985451632 1 0.0016310978733401077
502 5020 0.01060504680673093 31.899051769515875 0.018508929551332896 0.020924600804829864 0.025145907816538193 0.033735966260515005 0.040378379414629684 10 0.010402388919498856 1 0.0011275045003899264
511 5110 0.008528348597816393 34.381341138792145 0.013157165861013207 0.013157165861013207 0.01670015425699135 0.018468934439227938 0.0376425473694059 10 0.008513323105692685 1 8.91698269262637E-4
520 5200 0.008700525448891543 38.195841268734625 0.006844350714672121 0.006844350714672121 0.008576002588484224 0.009929348757968217 0.036254070730245794 10 0.009880902926550394 1 8.608144249241519E-4
529 5290 0.010012999733594591 45.88887360704032 0.004274856404392041 0.004274856404392041 0.007470903003282068 0.014252400292369403 0.03367751025712356 10 0.0132310599292177 1 9.826317305588056E-4
538 5380 0.008159360955304088 52.8640456445041 0.0018888345745446237 0.0027992569430090024 0.004271739556420165 0.006657690717899078 0.032129183239888844 10 0.011448626752410826 2 7.840629620396912E-4
547 5470 0.005422856330358561 55.24431081290038 0.0012803112271004696 0.0013720285115256551 0.0025533204074610245 0.004593012005998897 0.030042912940851842 10 0.007524766056442922 2 4.88677352691871E-4
556 5560 0.003191259125132479 58.72476013993085 5.203104642212935E-4 5.203104642212935E-4 7.890238650756873E-4 9.146170880865291E-4 0.027915889486674436 10 0.004502350476702025 3 2.7366682842393675E-4
565 5650 0.0025735235404487806 65.31216621843195 1.826127988529191E-4 1.826127988529191E-4 3.7731049609329866E-4 5.267033731561552E-4 0.027526880198948618 10 0.003942719094138206 2 2.031381174854525E-4
574 5740 0.0018506253375594394 69.15470287754493 1.3932527334095898E-4 1.5190775466846352E-4 2.126857592712509E-4 2.913044669471684E-4 0.02672332271555513 10 0.0028732515862141535 2 1.397950354646938E-4
583 5830 0.0013997412626620596 75.44860973910625 6.10874924124429E-5 6.10874924124429E-5 9.16529077108894E-5 1.3698031782303615E-4 0.024823970049047607 10 0.0022685233106476918 2 9.660613708078679E-5
592 5920 0.0010548849026671392 73.94226660379266 1.3074820761397956E-5 1.8750971219460732E-5 3.1308277937521176E-5 6.808330887875861E-5 0.02557460835643794 10 0.0018043584285589232 2 6.82685161437739E-5
601 6010 6.723799456996067E-4 76.577237234142 4.284631752194192E-6 6.773142028684554E-6 1.160511856297479E-5 1.9040308853494247E-5 0.02581869007611651 10 0.0011404032050610427 2 4.0088838986446085E-5
610 6100 4.459075142734584E-4 78.34954069934577 2.178552001130772E-6 3.190458313554743E-6 5.085295427399596E-6 1.3804977277873219E-5 0.025488222690771015 10 7.593714213966396E-4 2 2.5135654663422752E-5
619 6190 2.9460984665815356E-4 78.63338786984181 5.545943869228324E-7 5.692507895160241E-7 1.5674904663958714E-6 2.4880591892192558E-6 0.02474471342141369 10 4.874839738992521E-4 2 1.589789948635231E-5
628 6280 1.3640893249380561E-4 73.04235965157471 6.046937408220292E-8 6.046937408220292E-8 2.7796128375741086E-7 4.6353305246461793E-7 0.02472831408105491 10 2.1016794802128857E-4 2 6.830776082033732E-6
638 6380 7.410958673156349E-5 74.56935082545857 2.7947730955911757E-8 2.7947730955911757E-8 1.0860217065733692E-7 1.7321470569347249E-7 0.023156095982628577 10 1.1035353994018739E-4 2 3.4445228141704334E-6
648 6480 4.4266374467473136E-5 67.57481861486576 9.482281121163226E-9 9.482281121163226E-9 2.4657238918250975E-8 3.9590378059509055E-8 0.0236367300253024 10 6.0499679032201105E-5 2 2.0267190203218115E-6
658 6580 2.0728700063373745E-5 67.08206759407814 1.594175092850389E-9 2.449236035168951E-9 5.882383698984686E-9 8.092004622956191E-9 0.02279519920171183 10 2.7109498228121212E-5 2 9.16785902852182E-7
668 6680 1.056565740820826E-5 67.96076490976614 7.938319080406362E-10 8.919951580126618E-10 1.373641908902536E-9 1.7393471055502799E-9 0.022187384846234698 10 1.4080360081804535E-5 2 4.437518902688924E-7
678 6780 5.242358148626575E-6 66.12903500933525 2.0592694226297389E-10 2.1661654162046938E-10 3.5426118285704803E-10 6.900424618563261E-10 0.02143335129237783 10 6.347217644417933E-6 2 2.0551908400490757E-7
688 6880 2.778630874543225E-6 68.13847680925501 1.6951520634237247E-11 1.9924013142268093E-11 6.37815009922302E-11 8.979449661330678E-11 0.0201146052091976 10 3.255848268152733E-6 2 1.0457388746975065E-7
698 6980 1.1779089945262923E-6 64.16488123973822 4.437091132738866E-12 4.437091132738866E-12 1.5639968721513738E-11 2.571345989731488E-11 0.0192170262765203 10 1.2401679877900097E-6 2 4.116603710449308E-8
708 7080 4.975618953256641E-7 67.37480903748671 8.322703766052476E-13 8.322703766052476E-13 2.11484963654375E-12 3.0910545964165975E-12 0.01772999482019402 10 5.067000209396382E-7 2 1.653798778202852E-8
718 7180 2.3808979446196158E-7 65.33720161539935 1.1575986826426752E-13 1.9801544787846578E-13 3.2954190846902273E-13 5.440025391086743E-13 0.01687838198170024 10 2.2516705619627274E-7 2 7.249725090729468E-9
728 7280 1.1418341795582119E-7 67.6063419758196 2.871170581563928E-14 3.703864607758499E-14 5.081225060841061E-14 8.145153359798296E-14 0.015768209310170162 10 1.0673500944675508E-7 2 3.174191017945676E-9
730 7301 9.834310344016925E-8 68.54655646615494 3.0923397426720337E-15 9.184439647280152E-15 3.315293903877773E-14 9.007045397234321E-14 0.015653957165646284 10 9.13058773855604E-8 2 2.7184073391908156E-9
