%# iteration evaluations sigma idxmaxSD idxminSD SDs=sigma*sqrt(diag(C)) (randomSeed=1431185311826, Sat May 09 17:28:31 CEST 2015)

0 0 0.2 1 1 0.2 0.2 0.2 0.2 0.2 0.2 0.2 0.2 0.2 0.2 
1 10 0.18306444375673173 1 8 0.1889496422657957 0.18121931287964377 0.1813242530521747 0.18082991281365493 0.18082449083159297 0.18119995203210468 0.18154166830618668 0.18036716485796353 0.1814491524791731 0.18203582593088147 
2 20 0.1569199503390068 1 5 0.1618810549232239 0.1543551698248997 0.1538474448331754 0.1546821149674726 0.15303904355672615 0.15333227647076111 0.1536701471224275 0.15325975470030814 0.15381761930277335 0.1552531564189116 
3 30 0.13696391442457098 1 5 0.13992535715851967 0.1329044403990858 0.1330144321728545 0.1336217338315883 0.13192966247947452 0.13337631370667372 0.13228211950030408 0.13407316755105536 0.13255367875058752 0.13381352762655047 
4 40 0.12288937694090606 1 5 0.12534757364967064 0.11883993833517974 0.11818314708943767 0.11871026217302269 0.11665502053925109 0.11837094315069355 0.11732955956275067 0.1195720991336357 0.11895170800642647 0.1190004311326076 
5 50 0.10900906989368714 1 5 0.11005169569476035 0.10435544610950981 0.10409087580311603 0.10387096646739383 0.10277363773168834 0.10426162508132283 0.10383526278854786 0.10470482299067647 0.10492449446406524 0.1042226926084318 
6 60 0.09626774517298707 1 4 0.09656498035722616 0.09104426177379553 0.09073501034882006 0.090602473493621 0.09072443330536357 0.09095991072543458 0.0912834120544858 0.09207568549167551 0.0923166945215899 0.09132186661450008 
7 70 0.08359309487849476 1 2 0.08395989013088903 0.07791466904961108 0.07813030823416174 0.07821208002707965 0.07836232469191837 0.0792172950577293 0.07829888759059855 0.07897798111664998 0.07991486088397062 0.07829719940184775 
8 80 0.07444641716203583 1 7 0.07430098757223635 0.06886807617897082 0.06903974735222038 0.06879997034631584 0.06942725015249775 0.06969818410007032 0.0686989316649343 0.07002196079098834 0.0705610455818345 0.06899143568951767 
9 90 0.06661732164461938 1 7 0.06618038508581046 0.06153575294898001 0.06188646963890475 0.061378389990325695 0.061765240246394945 0.06306793100403767 0.06064915884288815 0.06190680201677237 0.06261968290620236 0.06267877570155808 
10 100 0.060605372597346385 1 7 0.06048650437089404 0.05534958122789113 0.05695732872005567 0.05501361710294122 0.055608268733666144 0.056971871186539874 0.05496194503784508 0.055610312348564554 0.05624230114789701 0.05627439822814721 
11 110 0.05963442075272823 1 7 0.058751040159222404 0.053943123241246824 0.05715252512949378 0.05389914028585183 0.054632351379354974 0.05558245617934198 0.053567090495701915 0.054611554159538014 0.05457133805125176 0.055759797415366255 
12 120 0.05740262793946035 1 7 0.05621132691082111 0.051421976941334414 0.055310879457631267 0.051230562237586354 0.052035220841129784 0.05305380753218361 0.05080831819644384 0.05260198898327994 0.052094201114856124 0.053388601007505726 
13 130 0.05510245809966153 1 7 0.0535764314545991 0.049258387375681674 0.05350833145623572 0.04910090369853482 0.04945454470913956 0.05117255782400334 0.04822078647735591 0.050661315009262714 0.04957073019226368 0.05165073253601099 
14 140 0.048574694238693344 3 7 0.04668732264411454 0.043072311046346096 0.04714161804321084 0.042927657794976065 0.04358884105005896 0.044771375857593554 0.04203177427877213 0.044204755046599764 0.04314090938568759 0.045273963318006094 
15 150 0.045936102122999575 3 4 0.0442747846989392 0.04040170022033244 0.044432255283389094 0.040043084137997495 0.04074523935445955 0.04198338680051831 0.0400537885458719 0.041237650253039125 0.04064051509242274 0.04384796852894563 
16 160 0.04158717938340919 10 7 0.03973723181124496 0.03609170581279644 0.0397391267103105 0.036693254245153704 0.03649605769711451 0.03759551829067416 0.035803132111170095 0.03729613328220909 0.03677011577156624 0.039803089677562846 
18 180 0.03893636670486231 1 2 0.038748494454178495 0.03298479182488233 0.0369139830374591 0.03399489466435753 0.03361536976031019 0.03504098558431189 0.03310368241198374 0.03432631732662098 0.033690210845905254 0.03666988592618328 
20 200 0.03592419905412412 1 2 0.03663719470351531 0.030026156069481245 0.03318761551264408 0.03159879642129075 0.030152136851912786 0.031757945447758756 0.030313175836077802 0.030814552734774448 0.030419541760955977 0.03322567120949467 
22 220 0.03054350295013193 1 5 0.03060855417386853 0.02505204612397219 0.02843286304277586 0.026173658292469388 0.024972816860114513 0.026588985659400453 0.026214562652817453 0.025772817089532062 0.025713666533291348 0.02833850095083869 
24 240 0.02742885022204692 1 5 0.027310003974400705 0.022402286654386067 0.025161451426480505 0.024149479988958673 0.021905834690496326 0.02344753183324185 0.023151228582579248 0.023025692286409973 0.022601185000923226 0.02497898353655884 
26 260 0.02474867664007506 1 5 0.02404145524062668 0.019710709328540375 0.022434036462213168 0.021805722039941473 0.019272166224840192 0.020839836270819315 0.020678335168705934 0.020356878715157404 0.02083411863704313 0.022431744865333666 
28 280 0.021852036116537965 1 5 0.021091630676632698 0.01715926822435197 0.019426666233222513 0.019062139687679756 0.016823251493301827 0.01844985189946738 0.01826979694091388 0.017813107625506915 0.018093896471038724 0.019986476747321385 
30 300 0.02070983902938074 1 5 0.020222179406782226 0.016235989664574357 0.018285654580239338 0.01788449319549147 0.015608541695002821 0.01717113558273299 0.01711935866498926 0.01713363845965214 0.01685605630713664 0.019007381614883214 
32 320 0.020425551558913905 1 5 0.020806920123687598 0.015997631947985518 0.017604023449116296 0.017848021178976898 0.015273381517760212 0.01671362698703025 0.01667672663980746 0.016726194545807833 0.01653127763443668 0.018459670519334854 
34 340 0.02054868786790493 1 5 0.02148433055739077 0.015951732215860423 0.017366053349795553 0.017719927225069987 0.015406021651664582 0.01675624806994599 0.016519239998072078 0.016515496827682184 0.016491402561080983 0.018316543698455156 
36 360 0.019037200396773073 1 5 0.019998321380404905 0.014370709364625374 0.0156720691467109 0.01606685091959059 0.014067373719545608 0.015615889291145327 0.01509883956190596 0.015077103395790386 0.015184552309361107 0.016807364515580334 
38 380 0.016620318127432126 1 5 0.017461275480548412 0.01231286562477004 0.013526419360753364 0.013684992129664536 0.012268642846161436 0.013526783844845852 0.012905784144758964 0.012834811525016308 0.013052416179741932 0.014571440066952808 
40 400 0.01314303806181245 1 5 0.013751146304260279 0.009600107353460455 0.010495749454534992 0.010570363924609284 0.009534219259679321 0.010541864905116858 0.010143461623260753 0.009872219570530501 0.010129294157157815 0.011204418752183521 
43 430 0.009676733095697521 1 2 0.009935850852143633 0.006885786224551378 0.0074492331249274455 0.007582783712428432 0.006984102320003103 0.007513704278354988 0.007227650053829991 0.0071692932748127075 0.007204844298888792 0.008033282152715916 
46 460 0.011808391261371539 1 5 0.013590648464738916 0.008831998281335858 0.009247523476710458 0.009001925004387018 0.008316194159298492 0.009004348717490219 0.008534695064185747 0.00857074126346121 0.008482097549504089 0.009974937876533748 
49 490 0.013739128480842208 1 5 0.01778048326059345 0.010454308635033108 0.010622340953903792 0.01024137844060328 0.009342407892605051 0.010108053768582695 0.009613949989029 0.00966438691685193 0.00976301380928942 0.011203500750368592 
52 520 0.01656144353177324 1 5 0.022677800060712863 0.012975390569138236 0.012690513087644222 0.012031886872977446 0.010971549847142865 0.011993594018318482 0.012052606651261311 0.011370344487032676 0.011467432394791074 0.013529142786967128 
55 550 0.019225350329260475 1 5 0.028877965386029786 0.015901194153824873 0.014375376190302302 0.01378471593473863 0.01253278473620482 0.013599802707610336 0.013526127296785897 0.012904734972275601 0.01300953294169327 0.015354397595298013 
58 580 0.017945286645529544 1 9 0.02738935987028905 0.015027327250592672 0.013094557244124025 0.012591518149937076 0.011839926248872586 0.012574841083274346 0.012576219433300883 0.012072432089235589 0.011675068795640316 0.014259512091374674 
61 610 0.014242048666475774 1 9 0.02146590858839749 0.01238783520935187 0.010161946624287939 0.009734787749123536 0.009110040998695007 0.009749316943551158 0.009638768816963234 0.009251036537370172 0.008954156747821835 0.010893833528121595 
64 640 0.01631285343750368 1 5 0.02618335197823808 0.015262923804227389 0.012084732676318145 0.010984017771130606 0.010154323759512298 0.01109349281277644 0.010725661414080805 0.010323327297096452 0.010229810469140259 0.012516323984539009 
67 670 0.02283015803289041 1 5 0.04108572054114815 0.0253777063290208 0.017408913618898823 0.01534477857780857 0.013762694518488305 0.015280178739649116 0.015121399335838028 0.014083050588360476 0.014010497897235638 0.017590233858725508 
70 700 0.03230631256248712 1 5 0.0610305083000423 0.04212910345840311 0.02521553731153801 0.021373399215325956 0.01916730214697068 0.02156258466128077 0.02107567910952249 0.019521822431495625 0.019375269307559586 0.024190408759156273 
73 730 0.028045284387319933 1 5 0.05227325578104795 0.03722181848204521 0.022321416894698173 0.01826810753148477 0.016294766188678842 0.018155722326094612 0.017732391821862606 0.01660415052045647 0.016332605956279726 0.020546388590231685 
76 760 0.03254055651070632 1 5 0.0627243119300638 0.04860357499887024 0.02692216379345749 0.020983428749252745 0.01863802054228079 0.02146812505960701 0.02000188611960117 0.01920168802867289 0.01883058514661421 0.023481098512555486 
79 790 0.027048232379487832 1 9 0.05033727394359451 0.03971010106916929 0.022357221166910694 0.016963374274953376 0.015195561804232842 0.01725516047196187 0.01651765498481343 0.01599405793528494 0.01512020943392245 0.019172568616110684 
82 820 0.022016429571264987 1 5 0.039449577453164755 0.03130884339284803 0.01767740856272935 0.013661281638426724 0.011970210802373114 0.013675150131946538 0.01315162843923237 0.012953968975897314 0.012235915986315718 0.014995191259207575 
86 860 0.019519125600086465 1 5 0.03408441053865191 0.02738475914215437 0.01612871877061288 0.011614349104415162 0.010514690747054077 0.011854306676126527 0.01140633845812175 0.011512159400287214 0.010583277536408819 0.012760902377894607 
90 900 0.016217550187969023 1 9 0.02767296803023183 0.02276119088530577 0.013804899312761326 0.009361195064675025 0.008752864585667678 0.009603690653646444 0.009155697509549025 0.009354770970516763 0.00858917534925986 0.010542046853815736 
94 940 0.015953817179567887 1 9 0.02642861902250559 0.022290366938801008 0.014678447170997802 0.008936612665679874 0.008395255429532676 0.009010170717533442 0.008741673727648324 0.008927080720243665 0.008242167241519015 0.010034153483334559 
98 980 0.017628843437204805 1 5 0.02824743160848798 0.02562652266231162 0.0178012443274629 0.009870639438359254 0.008895202074612097 0.009801199291458399 0.00927333696716829 0.009673524159545414 0.008898918613051601 0.010888116402962947 
102 1020 0.018673681863514188 1 5 0.029253092436359346 0.02769609695261478 0.02034583019578323 0.010298111486198334 0.009263756650326782 0.009957886298806074 0.009391206163614618 0.01034256721893258 0.009680458061563093 0.011211232580391153 
106 1060 0.014218871141550994 1 7 0.022363093368001886 0.02121029551143768 0.015395929749111468 0.007852566322932727 0.007187271444225043 0.007334299509514738 0.006967105197412227 0.007643419340949033 0.007079495713262705 0.00819976660257397 
110 1100 0.012997248807049553 1 7 0.019721694070127863 0.019063019845118795 0.01394480414697783 0.007617760339458225 0.006475152628118721 0.006549601121208334 0.006185507207570657 0.0067719352641025694 0.006289629620457059 0.007281980103456717 
114 1140 0.017427980252782263 1 7 0.02547730485571891 0.025166068605803962 0.01978553795140062 0.011476559964907457 0.008372091325215844 0.008614428938643913 0.007998138824710854 0.008777374823473563 0.008718888215069207 0.009739108967592192 
118 1180 0.01654524588390448 1 7 0.02342529296449333 0.023388601757884018 0.0189491696350311 0.011160718245081129 0.007629078137420073 0.008278068791409535 0.007465707954973878 0.008278797811944355 0.008343618271877707 0.008904262666876732 
122 1220 0.013307436992784215 2 5 0.01796857592023337 0.018308009219217984 0.015081646175646892 0.009061839612566043 0.005845595481796505 0.006479582163182236 0.00596770254344187 0.006431507141859639 0.006547308478042234 0.006958309595619083 
126 1260 0.011943813254167783 2 7 0.015595341138074802 0.016173878752092776 0.013390906414555225 0.008457844408326401 0.005303510341856662 0.00563680721567717 0.005221579626789691 0.005776402630102825 0.005644373244141749 0.005947689977024255 
130 1300 0.014052693377323568 2 7 0.017508766409623823 0.018405372975630233 0.01569384110348793 0.010474976642466419 0.00622226851202932 0.006333839626330537 0.006043012573425335 0.006600900100580616 0.006671024575599027 0.0069220122254849414 
134 1340 0.013205096719981123 2 7 0.01620430906246789 0.017554542632920823 0.015634595007069176 0.010569520393692867 0.005728186514454039 0.006000279886091904 0.005480180816985532 0.006058241379828688 0.006191389570855387 0.006423917403902056 
138 1380 0.01449329607206432 2 7 0.0174891209431512 0.019171312410196244 0.017996043407168382 0.012377208188690732 0.006571856245817004 0.006314756648095686 0.005877690142549825 0.00662132269309129 0.006785340190220256 0.0070699614603604855 
143 1430 0.01853414809086252 2 6 0.021657183463305585 0.02413551282950271 0.023637586564728395 0.017013037097159237 0.008281556913285816 0.00796473322522775 0.0081823570149178 0.008281179246726519 0.008713303243276568 0.008866097302996315 
148 1480 0.02274052470811436 3 7 0.02539023951224855 0.02877196836295526 0.02881458337163798 0.021396941673132885 0.010839925117333336 0.01000169840668715 0.009725275349304736 0.009898886184055334 0.01054500504576096 0.010828631425983832 
153 1530 0.02658162550381346 3 7 0.028218269082124547 0.03268887870697979 0.035086375100566634 0.02853956728268658 0.01432153827841563 0.011378548410506837 0.010789962816801573 0.011072385379795506 0.01244489461915562 0.012123211761380115 
158 1580 0.020977628514109874 3 8 0.02116089223830119 0.025321729087576312 0.027364732851462716 0.022371677010106207 0.011353587112903055 0.009008786006620717 0.00877603999385422 0.008678538259393763 0.009522176375756967 0.009580685617420221 
163 1630 0.016767526525460204 3 7 0.016009710609205707 0.01932555116310842 0.0212839913478413 0.018074718395935472 0.009237472880099218 0.007168162785460589 0.006769063831083302 0.00676925784262849 0.007327789133624032 0.007448155946107898 
168 1680 0.020295182045469182 3 7 0.018361830946103306 0.022295678114267345 0.024679348681117208 0.021995448138667554 0.012731437907965788 0.008636891287601894 0.007819461827267575 0.008462319177706725 0.008982028062082564 0.008794170925535248 
173 1730 0.022200731162123632 3 7 0.019100059668868588 0.023493754100162946 0.025841006310380464 0.024294236056062554 0.014732299666469093 0.009690076913025347 0.00822005448607859 0.009312072312389072 0.009443837994037424 0.009340353150461443 
178 1780 0.020181601657760787 3 7 0.016443824273614894 0.020242212655558364 0.022540401093108852 0.021592906326052708 0.013524734525394204 0.008515967263790532 0.0072648515799776546 0.008499014944403282 0.008236626463219848 0.008394917873513746 
183 1830 0.026086187357010456 4 7 0.020201184885266326 0.025013114355281887 0.0291174533938015 0.02935544084886902 0.01936064595635353 0.011588820224869015 0.009086232537969507 0.011145945592413062 0.010806937023076377 0.010764296385434394 
188 1880 0.02517170709713194 4 7 0.018952631095661757 0.023023878187120782 0.027332728549821425 0.028109103956345794 0.020036715276420813 0.011455254884781729 0.008588146063169391 0.010563278545712403 0.010135188939042515 0.009837847276847039 
193 1930 0.021623238559346673 4 7 0.015456301578906977 0.018880505444093348 0.022605664101019274 0.02368803702209527 0.017693937616048972 0.009894266713007268 0.007045204199339122 0.00865591849427938 0.008436933927810121 0.008358943493127139 
198 1980 0.02544407905969368 4 7 0.017433649624949928 0.021110155499456395 0.02623502148125155 0.02809822349844251 0.02261271099778097 0.013370764090182912 0.008385998891509632 0.009892687173145244 0.009539129499412812 0.009505198904625515 
203 2030 0.03001982969354609 4 7 0.01945286181405406 0.023771497328949193 0.029585579544296393 0.032459990198138826 0.027841751105637445 0.017320050515859386 0.009672969805669566 0.011701629633061076 0.010888944870554858 0.01105018509731265 
208 2080 0.028041841229645197 4 7 0.017204553067683207 0.021113760497833242 0.026200824486175646 0.029684886963006387 0.027049386740229837 0.01732962385187714 0.008781751861404457 0.010610054304203276 0.00997123042510006 0.010013960121034575 
214 2140 0.023075958736449763 4 7 0.01327642012631023 0.01627434322493496 0.02021683305568249 0.0233909967550599 0.022112200674770165 0.015284734951753962 0.0077690525074001 0.008530926031916427 0.007941650591729372 0.00789545285581148 
220 2200 0.019516145536482957 4 9 0.010693985508419065 0.01294398833324125 0.01606715268567352 0.018604622110342407 0.01820289375498729 0.013060138932212887 0.006796934954526618 0.0069536419802371414 0.006492670200698971 0.006494812367122294 
226 2260 0.015218570828514898 5 9 0.007969795706830974 0.009488423092748315 0.011942761168206483 0.01394825326056708 0.014062154320160006 0.010731549732222062 0.005384707383110716 0.005067387045554243 0.0048977042155974905 0.005248751706174451 
232 2320 0.015502199031253695 5 9 0.007588905405274539 0.009210344987500172 0.011495175221115263 0.013727675164169586 0.014520647977791916 0.012416025484689154 0.005938002146913373 0.005044197858487567 0.004727578061894473 0.00507621566154414 
238 2380 0.028439213143959266 5 9 0.013475386501217875 0.01661597123326031 0.021172243558970738 0.02728090110986595 0.031202698690635043 0.029722182857214938 0.014797703652514139 0.008995473444930515 0.008310922319393014 0.00904519907231513 
244 2440 0.03766689099891792 5 9 0.017260936485999977 0.02049502937658508 0.026207790500535445 0.03384746346443089 0.03909580077527813 0.037235305423503354 0.019506787345131362 0.01229352782378056 0.01118317605442537 0.011541648620040118 
250 2500 0.028329201126620834 5 9 0.012284876041781058 0.014470588191543727 0.01851611556291462 0.024382748555086594 0.028423260979441107 0.027328619185046886 0.014696343748489108 0.009314194708038603 0.008749342914086031 0.008367937314325872 
256 2560 0.019057628188094096 5 9 0.00776526402677394 0.009224452792586218 0.011763368221367511 0.015280295792960542 0.017842741644999972 0.01709158233061033 0.0095204601422322 0.006137264854367274 0.0057281303586345705 0.00530924552944023 
262 2620 0.01593917964858111 5 9 0.006210466858912131 0.007203065537175952 0.009434375665823528 0.012211486985308197 0.014212180310285418 0.013865310837462976 0.007941113546225013 0.004915545741633423 0.004613797252518542 0.0043916726717168 
268 2680 0.014510295618019774 5 9 0.005293808563570312 0.006130516581256971 0.008126362183517916 0.01052795750583136 0.012398417180617367 0.012392252999235588 0.0072748649915176464 0.004491599525463786 0.004012268687781751 0.003862171146449484 
274 2740 0.018522614330652047 6 9 0.006581463156041228 0.0074130440272823644 0.009906025802909276 0.013181166795491408 0.015865503656810748 0.016722246376845423 0.010919590847862258 0.006174795617292187 0.005017311899841527 0.004988500140714421 
280 2800 0.020530579506244182 6 9 0.006995849684083379 0.007911042608482053 0.010406175269176799 0.014050980182945014 0.016954452178376985 0.0182224873058405 0.012475412573333738 0.007155723589524226 0.0053667894434721 0.005619256336391564 
286 2860 0.027396798118241767 6 9 0.008842021532416925 0.00982115180668318 0.01328635670661855 0.017563895830812894 0.021347643415598087 0.02358502234055873 0.017773992233042886 0.01025023749163639 0.006805861578411543 0.00821236010556557 
292 2920 0.03297444061846607 6 9 0.010059112413282511 0.01118514676918389 0.01500218434982217 0.019788795166598257 0.024943575639376 0.028284147807557468 0.022758126036846973 0.013038535566692575 0.00823417419853594 0.009733310861485775 
299 2990 0.035123944874198884 6 9 0.010208569222239613 0.011481137479122721 0.015154975680903985 0.020437171211759166 0.026458906040081352 0.03101684658871069 0.028013450375730307 0.015671241457461498 0.009060929742989901 0.010011434371696161 
306 3060 0.02480363357031491 6 9 0.0067262859517842905 0.007787751537973785 0.010168255617111733 0.013407346051121613 0.017265987651693213 0.020414695137591005 0.018802377487464425 0.010880781482783186 0.006245559897853171 0.006801378950539111 
313 3130 0.02000338942044092 6 9 0.005279439260554951 0.006271567631040569 0.007815657106537975 0.010140945714154352 0.01317038357142918 0.01579605122736169 0.01475582627601227 0.00912221991955749 0.004770349121649622 0.005456015069501211 
320 3200 0.02854624022487612 6 9 0.0071850302337066905 0.008309476439176094 0.010323080839008389 0.013592215273259232 0.018029428950117346 0.022333825733886006 0.02159302733152015 0.015944940704811804 0.006946186994437359 0.00796312328177993 
327 3270 0.03886614452324427 7 1 0.00911615020483857 0.010828862327549213 0.013426366568233448 0.017414635269328616 0.02312940543391273 0.02955969906187559 0.03085179930092214 0.024549022305663925 0.010990712042449849 0.010593816115119168 
334 3340 0.041926554865299184 7 1 0.009477159373079901 0.010968458450225649 0.013615639840974901 0.017240775603925253 0.023245995684737692 0.02960766577209316 0.03152961090979472 0.025774196548900632 0.01296556399943292 0.011152639180547706 
341 3410 0.032119553903778186 7 1 0.006932955987718226 0.007910393248328295 0.009779408282428879 0.012503465691190636 0.01644442500566923 0.021024169923040386 0.02259687146707536 0.01847283702013731 0.009758581958919075 0.008639554142169827 
348 3480 0.025049509788010325 7 1 0.005056855503845586 0.0057504121248663454 0.007072852392752611 0.009017786174033732 0.012192451326493343 0.015420486068344296 0.017242368090413785 0.014700762621255097 0.008035880570662955 0.0063817774615574415 
355 3550 0.022327643066319108 7 1 0.004338467900704453 0.004905680334901321 0.0058780949179115275 0.0075416343657818755 0.010227154545536934 0.01304000340573782 0.014820743257648745 0.013549127728438465 0.00776165983124585 0.00544899189741764 
362 3620 0.021421233335787757 7 1 0.003993028185952905 0.004485026689292936 0.005377751717453682 0.007121494326389162 0.009392485724637625 0.012306601323455114 0.01466192392406645 0.013699635441035508 0.008488939857823107 0.00506255710188627 
369 3690 0.026430431665917305 7 1 0.004670452917875965 0.005460732148681594 0.006291989256910393 0.008265736724947003 0.01093660447308794 0.014152316130005307 0.017334971873024237 0.016980122321786643 0.012503330898052884 0.006565364575590467 
376 3760 0.023334667619598057 8 1 0.004248026193289147 0.004815466940419534 0.005387066280898568 0.0069625775851485825 0.009124839885775263 0.012014451165125372 0.01523079330699706 0.015633945646349623 0.011903529897850219 0.0057591469819146405 
383 3830 0.02863669425740098 8 1 0.0050671856884750574 0.005801493084796216 0.006221802637356946 0.008095905952425233 0.010554921005482762 0.014138234471035033 0.018426250851882507 0.020092768757752334 0.016104926135538117 0.008218047726714214 
390 3900 0.025808242432356084 8 1 0.0044974898979465855 0.004934580592730702 0.005307944110842419 0.006919447669835472 0.008806844311347867 0.011736722687548664 0.015401421422542722 0.017468493571468822 0.014704886224266547 0.008137932060690772 
398 3980 0.022367610096544727 8 1 0.0037047397120309688 0.004079875189704283 0.004307332736296183 0.005598803030421607 0.007279093014830387 0.009736348684879563 0.01273724060691807 0.014805406763308361 0.013238552641331117 0.007709917763482174 
406 4060 0.030357668080289942 8 1 0.004981922474748323 0.005224880583727337 0.0057406748924168855 0.007044412658432418 0.00930996011074623 0.012272301690720668 0.016339950277260634 0.01915314690948534 0.01892092304319983 0.012972451271563988 
414 4140 0.02189671608499595 9 1 0.003363154105558741 0.0035376732915616683 0.00383537111020702 0.004882774910976284 0.006305299522820543 0.008294247982703333 0.011356790792828173 0.013643317730678945 0.013644535931386552 0.009656718232033509 
422 4220 0.020490530163789947 9 1 0.0030173617344552172 0.0031598522704477496 0.003363919451011947 0.004388340335683166 0.0054792998601912 0.007156632563781585 0.00994302257469416 0.012361016550257599 0.013272454491745187 0.010021879391419611 
430 4300 0.022011759218270942 9 1 0.0031097152061030195 0.0034193131840229624 0.0036256108604057285 0.004625340558840811 0.005662498014195432 0.007330767390649161 0.010198880262645127 0.013340388424309704 0.014993747205729891 0.012650830743494865 
438 4380 0.02221976031790867 9 1 0.003003516862207562 0.0033187846627828104 0.0035119349935558678 0.0042683056808794344 0.005387652990807407 0.006958369261469394 0.009631850880950121 0.012706539542621423 0.01504898744896673 0.013513354529356546 
446 4460 0.021656019914976486 9 1 0.002862883836840971 0.003056971530344977 0.0032772016228187757 0.003907245965754447 0.004868066468953908 0.0062546532635826034 0.008828084026082277 0.012188771903730801 0.015173788995741658 0.01507869725802415 
454 4540 0.022529934449809302 10 1 0.0028409323859062414 0.003185656767289204 0.003373218432184429 0.003908333669985893 0.0050152445640621515 0.006503777952740912 0.009389955039193031 0.012963817886995157 0.017534190529777244 0.018765540401942317 
462 4620 0.029481180733736918 10 1 0.003538616897403566 0.004043870208033891 0.004124489647131844 0.004738728437484798 0.006121135490675516 0.00796702536362001 0.011672094040400557 0.01658601154387336 0.023320647932063867 0.026368699836202693 
470 4700 0.031320231571737286 10 1 0.0036978536069888217 0.004038290564527632 0.0042283958332672645 0.004672933974108821 0.006182485630420825 0.007959896223802086 0.011881545106806337 0.01710365561948746 0.024634137577244652 0.030349533919392303 
478 4780 0.02446419135739924 10 1 0.002726798275094321 0.00305546878592626 0.0032138605655269597 0.0036435506606988578 0.004658414985267037 0.006021011168426185 0.00868123936962338 0.01286534803280962 0.018996620895223523 0.02433496551774243 
486 4860 0.021587370757285534 10 1 0.002406742719165278 0.0026387311450999464 0.0027776558659324494 0.0029861579283878416 0.0038257446656209536 0.004974002953729567 0.007260526960692209 0.010932328669627405 0.016127668783300016 0.02147081276495961 
494 4940 0.014927552867081435 10 1 0.0016310978733401077 0.0018038187463382128 0.0018776824119216737 0.0019242873191717249 0.00241870733015811 0.003138924525575427 0.004640058886722633 0.007005456217108486 0.010538965441135157 0.014416204985451632 
502 5020 0.01060504680673093 10 1 0.0011275045003899264 0.001209991754168897 0.0012460190608214804 0.0012874501679224005 0.0015844878151479458 0.002076487871374527 0.003118816850640475 0.0047414684977075345 0.007312067161174426 0.010402388919498856 
511 5110 0.008528348597816393 10 1 8.91698269262637E-4 9.315641345467505E-4 9.334271083129486E-4 9.322498616451955E-4 0.0011980877978821807 0.0015713320081853807 0.0023501944021432643 0.003628345525093989 0.005784500792728405 0.008513323105692685 
520 5200 0.008700525448891543 10 1 8.608144249241519E-4 9.132379336493837E-4 9.296961430982537E-4 9.137311922743288E-4 0.0011640233535409887 0.0015022682977224213 0.0022699902883072955 0.0036676772901519683 0.006118154675012373 0.009880902926550394 
529 5290 0.010012999733594591 10 1 9.826317305588056E-4 0.001003648542920125 9.87010636485991E-4 9.886955323750945E-4 0.001260094398094046 0.0017018387204600868 0.0025606811291914843 0.004471268950551927 0.0077803704521764005 0.0132310599292177 
538 5380 0.008159360955304088 10 2 8.062957396292702E-4 7.840629620396912E-4 7.927037880940428E-4 8.036218072695566E-4 0.0010092121281622473 0.0013597072120595398 0.002068655028655284 0.0036357522547681865 0.006489617553971263 0.011448626752410826 
547 5470 0.005422856330358561 10 2 5.029252401227555E-4 4.88677352691871E-4 4.888790721139694E-4 5.327798796120587E-4 6.26295709407797E-4 8.642803683484113E-4 0.0013502388059607403 0.0023728126875837982 0.004233187236695115 0.007524766056442922 
556 5560 0.003191259125132479 10 3 2.793134781361474E-4 2.7526980081091055E-4 2.7366682842393675E-4 2.9750799404416363E-4 3.4301295333835234E-4 4.8726907977966267E-4 7.818585510158682E-4 0.0014005657707656055 0.0024966622619022084 0.004502350476702025 
565 5650 0.0025735235404487806 10 2 2.1059242679655066E-4 2.031381174854525E-4 2.1215325073626975E-4 2.3756360811434777E-4 2.721010947158699E-4 3.8701790223799945E-4 6.407736109548669E-4 0.0011730019882179121 0.002134345800328227 0.003942719094138206 
574 5740 0.0018506253375594394 10 2 1.48650643089397E-4 1.397950354646938E-4 1.4810576801390106E-4 1.6017285419595004E-4 1.7915869026963703E-4 2.609691415854104E-4 4.4883826145692915E-4 8.411127031934691E-4 0.0015382804324280033 0.0028732515862141535 
583 5830 0.0013997412626620596 10 2 1.04713602461604E-4 9.660613708078679E-5 1.092411629748369E-4 1.1434162733220099E-4 1.3203572642564245E-4 1.9333671142352142E-4 3.4479877495918325E-4 6.496615280228036E-4 0.0011964162225725718 0.0022685233106476918 
592 5920 0.0010548849026671392 10 2 7.309848663062135E-5 6.82685161437739E-5 8.140479948221143E-5 8.268577533523079E-5 9.506903630769723E-5 1.4182377274633644E-4 2.555029717145212E-4 5.045098909963505E-4 9.378425345713449E-4 0.0018043584285589232 
601 6010 6.723799456996067E-4 10 2 4.356486074605964E-5 4.0088838986446085E-5 4.7166675939718554E-5 4.832724902956828E-5 5.828855236060313E-5 8.877930684859433E-5 1.5747609040060712E-4 3.094625649269007E-4 5.835748504999519E-4 0.0011404032050610427 
610 6100 4.459075142734584E-4 10 2 2.7785814795386458E-5 2.5135654663422752E-5 3.0028901307087525E-5 3.0317160668502043E-5 3.694500834480796E-5 5.7231394841134704E-5 1.0195220352944135E-4 2.0325371802793998E-4 3.8602192038832096E-4 7.593714213966396E-4 
619 6190 2.9460984665815356E-4 10 2 1.7963895870012804E-5 1.589789948635231E-5 1.8810480953341675E-5 1.9104442580199227E-5 2.3036803401778353E-5 3.6452213149153644E-5 6.470394864732311E-5 1.2964443054804182E-4 2.4655225290409587E-4 4.874839738992521E-4 
628 6280 1.3640893249380561E-4 10 2 7.636952766774799E-6 6.830776082033732E-6 8.250103863278003E-6 8.216932667535683E-6 1.0344489952853453E-5 1.5986673568561454E-5 2.794345656404236E-5 5.593866984186981E-5 1.0639819067258019E-4 2.1016794802128857E-4 
638 6380 7.410958673156349E-5 10 2 3.834960477745003E-6 3.4445228141704334E-6 4.3028346867519615E-6 4.227702141837968E-6 5.487235160750713E-6 8.216512594459997E-6 1.4449945180643317E-5 2.9087616791270413E-5 5.5507210535062876E-5 1.1035353994018739E-4 
648 6480 4.4266374467473136E-5 10 2 2.3371238134504016E-6 2.0267190203218115E-6 2.51226182957499E-6 2.4370833107947652E-6 3.208127393278109E-6 4.633753394424223E-6 7.94010232409859E-6 1.6045062831438487E-5 3.051908057003673E-5 6.0499679032201105E-5 
658 6580 2.0728700063373745E-5 10 2 1.0373794869620409E-6 9.16785902852182E-7 1.0927691750744763E-6 1.0709111649786725E-6 1.4202668860034012E-6 2.0554522764141573E-6 3.519056652502137E-6 7.142970683216799E-6 1.3654019500013356E-5 2.7109498228121212E-5 
668 6680 1.056565740820826E-5 10 2 4.94090087105943E-7 4.437518902688924E-7 5.296250629703627E-7 5.270006224078032E-7 6.936787385221772E-7 1.0229769499675917E-6 1.7974439356216548E-6 3.690782325678665E-6 7.102990093403406E-6 1.4080360081804535E-5 
678 6780 5.242358148626575E-6 10 2 2.328431777000161E-7 2.0551908400490757E-7 2.5423225553561826E-7 2.5207004390628873E-7 3.188207185159147E-7 4.5920828968892163E-7 8.166530811532799E-7 1.6689313348790578E-6 3.206256538630176E-6 6.347217644417933E-6 
688 6880 2.778630874543225E-6 10 2 1.1858833322709031E-7 1.0457388746975065E-7 1.2839920111625606E-7 1.276004174215958E-7 1.6137196039936382E-7 2.3758550855381866E-7 4.2228187729000865E-7 8.552144579497125E-7 1.6434307367347353E-6 3.255848268152733E-6 
698 6980 1.1779089945262923E-6 10 2 4.593502221643644E-8 4.116603710449308E-8 5.188209738239118E-8 5.05142982871748E-8 6.225030660874878E-8 9.169391781499249E-8 1.6228687232341604E-7 3.243831040860625E-7 6.25201395895706E-7 1.2401679877900097E-6 
708 7080 4.975618953256641E-7 10 2 1.7515934798218543E-8 1.653798778202852E-8 2.0093145087517955E-8 2.033871968213693E-8 2.5233516625280192E-8 3.668724736065543E-8 6.560705298990818E-8 1.3167330103153212E-7 2.5473442165293106E-7 5.067000209396382E-7 
718 7180 2.3808979446196158E-7 10 2 7.80810363938969E-9 7.249725090729468E-9 8.839943660345706E-9 8.96460039208165E-9 1.122531882780312E-8 1.6230361158545804E-8 2.958419582705789E-8 5.8850041960022686E-8 1.134568855881274E-7 2.2516705619627274E-7 
728 7280 1.1418341795582119E-7 10 2 3.463057388106622E-9 3.174191017945676E-9 3.8826465251934306E-9 4.113612359409036E-9 5.4267091724003805E-9 7.690238246002799E-9 1.4279193173406109E-8 2.7727472147966514E-8 5.3498156613909506E-8 1.0673500944675508E-7 
730 7301 9.834310344016925E-8 10 2 2.967175898708335E-9 2.7184073391908156E-9 3.286500270679657E-9 3.502235221053132E-9 4.6304511464070846E-9 6.532826731858491E-9 1.2110508556761045E-8 2.3661640760603272E-8 4.577796786025414E-8 9.13058773855604E-8 
